abundance,count,cumulative,cumulative_fraction
0,0,0,0.0
1,37116928,37116928,0.86
2,1160657,38277585,0.887
3,181385,38458970,0.891
4,63910,38522880,0.893
5,30616,38553496,0.893
6,17771,38571267,0.894
7,11728,38582995,0.894
8,9046,38592041,0.894
9,7119,38599160,0.894
10,6528,38605688,0.895
11,6722,38612410,0.895
12,7351,38619761,0.895
13,8164,38627925,0.895
14,10387,38638312,0.895
15,13393,38651705,0.896
16,16414,38668119,0.896
17,21472,38689591,0.896
18,27083,38716674,0.897
19,33514,38750188,0.898
20,40257,38790445,0.899
21,47991,38838436,0.9
22,55853,38894289,0.901
23,64593,38958882,0.903
24,73931,39032813,0.904
25,84722,39117535,0.906
26,94128,39211663,0.909
27,104681,39316344,0.911
28,114664,39431008,0.914
29,123734,39554742,0.917
30,132571,39687313,0.92
31,141027,39828340,0.923
32,148668,39977008,0.926
33,155933,40132941,0.93
34,160050,40292991,0.934
35,162749,40455740,0.937
36,162542,40618282,0.941
37,161617,40779899,0.945
38,160817,40940716,0.949
39,158602,41099318,0.952
40,153522,41252840,0.956
41,147807,41400647,0.959
42,142886,41543533,0.963
43,136522,41680055,0.966
44,130078,41810133,0.969
45,122303,41932436,0.972
46,114663,42047099,0.974
47,107139,42154238,0.977
48,99662,42253900,0.979
49,91673,42345573,0.981
50,83938,42429511,0.983
51,76841,42506352,0.985
52,70546,42576898,0.987
53,63764,42640662,0.988
54,57247,42697909,0.989
55,51598,42749507,0.991
56,45873,42795380,0.992
57,40941,42836321,0.993
58,36127,42872448,0.993
59,33061,42905509,0.994
60,29116,42934625,0.995
61,26004,42960629,0.995
62,23158,42983787,0.996
63,20587,43004374,0.996
64,18167,43022541,0.997
65,15843,43038384,0.997
66,13652,43052036,0.998
67,12074,43064110,0.998
68,10384,43074494,0.998
69,9289,43083783,0.998
70,7931,43091714,0.999
71,6992,43098706,0.999
72,6023,43104729,0.999
73,5119,43109848,0.999
74,4405,43114253,0.999
75,3632,43117885,0.999
76,3104,43120989,0.999
77,2632,43123621,0.999
78,2193,43125814,0.999
79,1848,43127662,0.999
80,1638,43129300,0.999
81,1394,43130694,0.999
82,1066,43131760,0.999
83,976,43132736,0.999
84,855,43133591,0.999
85,665,43134256,0.999
86,532,43134788,0.999
87,478,43135266,1.0
88,437,43135703,1.0
89,358,43136061,1.0
90,308,43136369,1.0
91,222,43136591,1.0
92,273,43136864,1.0
93,238,43137102,1.0
94,274,43137376,1.0
95,223,43137599,1.0
96,262,43137861,1.0
97,254,43138115,1.0
98,238,43138353,1.0
99,210,43138563,1.0
100,210,43138773,1.0
101,250,43139023,1.0
102,226,43139249,1.0
103,222,43139471,1.0
104,225,43139696,1.0
105,228,43139924,1.0
106,223,43140147,1.0
107,161,43140308,1.0
108,162,43140470,1.0
109,173,43140643,1.0
110,119,43140762,1.0
111,160,43140922,1.0
112,155,43141077,1.0
113,148,43141225,1.0
114,138,43141363,1.0
115,135,43141498,1.0
116,115,43141613,1.0
117,115,43141728,1.0
118,124,43141852,1.0
119,104,43141956,1.0
120,105,43142061,1.0
121,94,43142155,1.0
122,124,43142279,1.0
123,140,43142419,1.0
124,109,43142528,1.0
125,134,43142662,1.0
126,91,43142753,1.0
127,115,43142868,1.0
128,106,43142974,1.0
129,115,43143089,1.0
130,114,43143203,1.0
131,92,43143295,1.0
132,94,43143389,1.0
133,99,43143488,1.0
134,79,43143567,1.0
135,90,43143657,1.0
136,80,43143737,1.0
137,92,43143829,1.0
138,91,43143920,1.0
139,108,43144028,1.0
140,76,43144104,1.0
141,80,43144184,1.0
142,78,43144262,1.0
143,69,43144331,1.0
144,73,43144404,1.0
145,70,43144474,1.0
146,77,43144551,1.0
147,66,43144617,1.0
148,65,43144682,1.0
149,73,43144755,1.0
150,76,43144831,1.0
151,74,43144905,1.0
152,64,43144969,1.0
153,48,43145017,1.0
154,67,43145084,1.0
155,67,43145151,1.0
156,66,43145217,1.0
157,70,43145287,1.0
158,81,43145368,1.0
159,80,43145448,1.0
160,106,43145554,1.0
161,115,43145669,1.0
162,123,43145792,1.0
163,100,43145892,1.0
164,100,43145992,1.0
165,106,43146098,1.0
166,90,43146188,1.0
167,95,43146283,1.0
168,103,43146386,1.0
169,96,43146482,1.0
170,75,43146557,1.0
171,87,43146644,1.0
172,86,43146730,1.0
173,57,43146787,1.0
174,64,43146851,1.0
175,51,43146902,1.0
176,68,43146970,1.0
177,52,43147022,1.0
178,50,43147072,1.0
179,38,43147110,1.0
180,49,43147159,1.0
181,42,43147201,1.0
182,41,43147242,1.0
183,25,43147267,1.0
184,29,43147296,1.0
185,30,43147326,1.0
186,34,43147360,1.0
187,34,43147394,1.0
188,29,43147423,1.0
189,37,43147460,1.0
190,45,43147505,1.0
191,40,43147545,1.0
192,34,43147579,1.0
193,33,43147612,1.0
194,46,43147658,1.0
195,29,43147687,1.0
196,33,43147720,1.0
197,46,43147766,1.0
198,45,43147811,1.0
199,48,43147859,1.0
200,40,43147899,1.0
201,50,43147949,1.0
202,56,43148005,1.0
203,49,43148054,1.0
204,53,43148107,1.0
205,32,43148139,1.0
206,40,43148179,1.0
207,53,43148232,1.0
208,41,43148273,1.0
209,44,43148317,1.0
210,50,43148367,1.0
211,49,43148416,1.0
212,62,43148478,1.0
213,41,43148519,1.0
214,42,43148561,1.0
215,55,43148616,1.0
216,49,43148665,1.0
217,42,43148707,1.0
218,50,43148757,1.0
219,56,43148813,1.0
220,62,43148875,1.0
221,65,43148940,1.0
222,46,43148986,1.0
223,46,43149032,1.0
224,44,43149076,1.0
225,58,43149134,1.0
226,52,43149186,1.0
227,57,43149243,1.0
228,46,43149289,1.0
229,61,43149350,1.0
230,57,43149407,1.0
231,61,43149468,1.0
232,61,43149529,1.0
233,52,43149581,1.0
234,57,43149638,1.0
235,63,43149701,1.0
236,61,43149762,1.0
237,56,43149818,1.0
238,64,43149882,1.0
239,62,43149944,1.0
240,55,43149999,1.0
241,58,43150057,1.0
242,53,43150110,1.0
243,60,43150170,1.0
244,50,43150220,1.0
245,60,43150280,1.0
246,61,43150341,1.0
247,54,43150395,1.0
248,53,43150448,1.0
249,53,43150501,1.0
250,58,43150559,1.0
251,38,43150597,1.0
252,53,43150650,1.0
253,42,43150692,1.0
254,44,43150736,1.0
255,50,43150786,1.0
256,41,43150827,1.0
257,73,43150900,1.0
258,54,43150954,1.0
259,50,43151004,1.0
260,53,43151057,1.0
261,56,43151113,1.0
262,48,43151161,1.0
263,72,43151233,1.0
264,54,43151287,1.0
265,53,43151340,1.0
266,62,43151402,1.0
267,52,43151454,1.0
268,50,43151504,1.0
269,65,43151569,1.0
270,66,43151635,1.0
271,62,43151697,1.0
272,64,43151761,1.0
273,56,43151817,1.0
274,67,43151884,1.0
275,61,43151945,1.0
276,57,43152002,1.0
277,57,43152059,1.0
278,54,43152113,1.0
279,57,43152170,1.0
280,57,43152227,1.0
281,51,43152278,1.0
282,48,43152326,1.0
283,70,43152396,1.0
284,69,43152465,1.0
285,71,43152536,1.0
286,81,43152617,1.0
287,76,43152693,1.0
288,57,43152750,1.0
289,66,43152816,1.0
290,62,43152878,1.0
291,70,43152948,1.0
292,54,43153002,1.0
293,55,43153057,1.0
294,54,43153111,1.0
295,42,43153153,1.0
296,46,43153199,1.0
297,48,43153247,1.0
298,45,43153292,1.0
299,42,43153334,1.0
300,59,43153393,1.0
301,59,43153452,1.0
302,42,43153494,1.0
303,40,43153534,1.0
304,44,43153578,1.0
305,59,43153637,1.0
306,61,43153698,1.0
307,50,43153748,1.0
308,52,43153800,1.0
309,46,43153846,1.0
310,45,43153891,1.0
311,68,43153959,1.0
312,44,43154003,1.0
313,39,43154042,1.0
314,44,43154086,1.0
315,31,43154117,1.0
316,38,43154155,1.0
317,44,43154199,1.0
318,30,43154229,1.0
319,34,43154263,1.0
320,23,43154286,1.0
321,25,43154311,1.0
322,38,43154349,1.0
323,23,43154372,1.0
324,31,43154403,1.0
325,34,43154437,1.0
326,31,43154468,1.0
327,37,43154505,1.0
328,35,43154540,1.0
329,55,43154595,1.0
330,23,43154618,1.0
331,27,43154645,1.0
332,31,43154676,1.0
333,22,43154698,1.0
334,26,43154724,1.0
335,27,43154751,1.0
336,17,43154768,1.0
337,18,43154786,1.0
338,20,43154806,1.0
339,39,43154845,1.0
340,16,43154861,1.0
341,27,43154888,1.0
342,22,43154910,1.0
343,21,43154931,1.0
344,16,43154947,1.0
345,11,43154958,1.0
346,10,43154968,1.0
347,14,43154982,1.0
348,12,43154994,1.0
349,13,43155007,1.0
350,16,43155023,1.0
351,11,43155034,1.0
352,17,43155051,1.0
353,8,43155059,1.0
354,9,43155068,1.0
355,18,43155086,1.0
356,12,43155098,1.0
357,13,43155111,1.0
358,13,43155124,1.0
359,18,43155142,1.0
360,6,43155148,1.0
361,11,43155159,1.0
362,10,43155169,1.0
363,15,43155184,1.0
364,22,43155206,1.0
365,17,43155223,1.0
366,14,43155237,1.0
367,9,43155246,1.0
368,18,43155264,1.0
369,23,43155287,1.0
370,13,43155300,1.0
371,18,43155318,1.0
372,22,43155340,1.0
373,22,43155362,1.0
374,19,43155381,1.0
375,19,43155400,1.0
376,16,43155416,1.0
377,15,43155431,1.0
378,13,43155444,1.0
379,16,43155460,1.0
380,13,43155473,1.0
381,13,43155486,1.0
382,14,43155500,1.0
383,13,43155513,1.0
384,9,43155522,1.0
385,10,43155532,1.0
386,11,43155543,1.0
387,13,43155556,1.0
388,7,43155563,1.0
389,3,43155566,1.0
390,11,43155577,1.0
391,8,43155585,1.0
392,5,43155590,1.0
393,9,43155599,1.0
394,13,43155612,1.0
395,8,43155620,1.0
396,6,43155626,1.0
397,6,43155632,1.0
398,7,43155639,1.0
399,2,43155641,1.0
400,3,43155644,1.0
401,4,43155648,1.0
402,6,43155654,1.0
403,7,43155661,1.0
404,6,43155667,1.0
405,14,43155681,1.0
406,12,43155693,1.0
407,15,43155708,1.0
408,18,43155726,1.0
409,8,43155734,1.0
410,7,43155741,1.0
411,5,43155746,1.0
412,7,43155753,1.0
413,5,43155758,1.0
414,3,43155761,1.0
415,6,43155767,1.0
416,8,43155775,1.0
417,4,43155779,1.0
418,10,43155789,1.0
419,6,43155795,1.0
420,13,43155808,1.0
421,9,43155817,1.0
422,4,43155821,1.0
423,2,43155823,1.0
424,5,43155828,1.0
425,5,43155833,1.0
426,3,43155836,1.0
427,8,43155844,1.0
428,10,43155854,1.0
429,6,43155860,1.0
430,6,43155866,1.0
431,3,43155869,1.0
432,8,43155877,1.0
433,4,43155881,1.0
434,7,43155888,1.0
435,5,43155893,1.0
436,8,43155901,1.0
437,2,43155903,1.0
438,5,43155908,1.0
439,4,43155912,1.0
440,3,43155915,1.0
441,5,43155920,1.0
442,6,43155926,1.0
443,2,43155928,1.0
444,4,43155932,1.0
445,2,43155934,1.0
446,5,43155939,1.0
447,4,43155943,1.0
448,4,43155947,1.0
449,2,43155949,1.0
450,5,43155954,1.0
451,5,43155959,1.0
452,2,43155961,1.0
453,3,43155964,1.0
454,5,43155969,1.0
455,4,43155973,1.0
456,3,43155976,1.0
457,4,43155980,1.0
458,4,43155984,1.0
459,4,43155988,1.0
460,5,43155993,1.0
461,5,43155998,1.0
462,4,43156002,1.0
463,8,43156010,1.0
464,5,43156015,1.0
465,4,43156019,1.0
466,3,43156022,1.0
467,1,43156023,1.0
468,0,43156023,1.0
469,3,43156026,1.0
470,2,43156028,1.0
471,6,43156034,1.0
472,2,43156036,1.0
473,3,43156039,1.0
474,4,43156043,1.0
475,5,43156048,1.0
476,5,43156053,1.0
477,5,43156058,1.0
478,5,43156063,1.0
479,2,43156065,1.0
480,5,43156070,1.0
481,4,43156074,1.0
482,3,43156077,1.0
483,2,43156079,1.0
484,4,43156083,1.0
485,1,43156084,1.0
486,7,43156091,1.0
487,5,43156096,1.0
488,7,43156103,1.0
489,5,43156108,1.0
490,5,43156113,1.0
491,2,43156115,1.0
492,8,43156123,1.0
493,3,43156126,1.0
494,1,43156127,1.0
495,2,43156129,1.0
496,4,43156133,1.0
497,2,43156135,1.0
498,1,43156136,1.0
499,3,43156139,1.0
500,1,43156140,1.0
501,2,43156142,1.0
502,1,43156143,1.0
503,2,43156145,1.0
504,2,43156147,1.0
505,0,43156147,1.0
506,3,43156150,1.0
507,0,43156150,1.0
508,2,43156152,1.0
509,1,43156153,1.0
510,2,43156155,1.0
511,1,43156156,1.0
512,0,43156156,1.0
513,0,43156156,1.0
514,2,43156158,1.0
515,1,43156159,1.0
516,0,43156159,1.0
517,1,43156160,1.0
518,0,43156160,1.0
519,1,43156161,1.0
520,2,43156163,1.0
521,2,43156165,1.0
522,2,43156167,1.0
523,0,43156167,1.0
524,1,43156168,1.0
525,1,43156169,1.0
526,1,43156170,1.0
527,0,43156170,1.0
528,2,43156172,1.0
529,3,43156175,1.0
530,3,43156178,1.0
531,1,43156179,1.0
532,2,43156181,1.0
533,3,43156184,1.0
534,6,43156190,1.0
535,2,43156192,1.0
536,3,43156195,1.0
537,3,43156198,1.0
538,0,43156198,1.0
539,0,43156198,1.0
540,1,43156199,1.0
541,3,43156202,1.0
542,1,43156203,1.0
543,1,43156204,1.0
544,2,43156206,1.0
545,0,43156206,1.0
546,2,43156208,1.0
547,0,43156208,1.0
548,0,43156208,1.0
549,1,43156209,1.0
550,0,43156209,1.0
551,4,43156213,1.0
552,1,43156214,1.0
553,1,43156215,1.0
554,1,43156216,1.0
555,3,43156219,1.0
556,1,43156220,1.0
557,1,43156221,1.0
558,4,43156225,1.0
559,2,43156227,1.0
560,0,43156227,1.0
561,3,43156230,1.0
562,3,43156233,1.0
563,3,43156236,1.0
564,5,43156241,1.0
565,5,43156246,1.0
566,4,43156250,1.0
567,4,43156254,1.0
568,1,43156255,1.0
569,2,43156257,1.0
570,5,43156262,1.0
571,5,43156267,1.0
572,2,43156269,1.0
573,4,43156273,1.0
574,2,43156275,1.0
575,2,43156277,1.0
576,1,43156278,1.0
577,3,43156281,1.0
578,1,43156282,1.0
579,2,43156284,1.0
580,3,43156287,1.0
581,0,43156287,1.0
582,0,43156287,1.0
583,1,43156288,1.0
584,0,43156288,1.0
585,1,43156289,1.0
586,0,43156289,1.0
587,0,43156289,1.0
588,0,43156289,1.0
589,0,43156289,1.0
590,0,43156289,1.0
591,0,43156289,1.0
592,0,43156289,1.0
593,1,43156290,1.0
594,0,43156290,1.0
595,1,43156291,1.0
596,0,43156291,1.0
597,0,43156291,1.0
598,0,43156291,1.0
599,0,43156291,1.0
600,0,43156291,1.0
601,0,43156291,1.0
602,0,43156291,1.0
603,0,43156291,1.0
604,0,43156291,1.0
605,0,43156291,1.0
606,0,43156291,1.0
607,0,43156291,1.0
608,0,43156291,1.0
609,0,43156291,1.0
610,0,43156291,1.0
611,0,43156291,1.0
612,0,43156291,1.0
613,0,43156291,1.0
614,0,43156291,1.0
615,0,43156291,1.0
616,0,43156291,1.0
617,0,43156291,1.0
618,0,43156291,1.0
619,0,43156291,1.0
620,0,43156291,1.0
621,0,43156291,1.0
622,0,43156291,1.0
623,2,43156293,1.0
624,0,43156293,1.0
625,0,43156293,1.0
626,0,43156293,1.0
627,0,43156293,1.0
628,0,43156293,1.0
629,0,43156293,1.0
630,0,43156293,1.0
631,0,43156293,1.0
632,1,43156294,1.0
633,0,43156294,1.0
634,0,43156294,1.0
635,0,43156294,1.0
636,0,43156294,1.0
637,0,43156294,1.0
638,0,43156294,1.0
639,0,43156294,1.0
640,0,43156294,1.0
641,0,43156294,1.0
642,0,43156294,1.0
643,0,43156294,1.0
644,1,43156295,1.0
645,1,43156296,1.0
646,0,43156296,1.0
647,0,43156296,1.0
648,1,43156297,1.0
649,0,43156297,1.0
650,0,43156297,1.0
651,1,43156298,1.0
652,0,43156298,1.0
653,0,43156298,1.0
654,1,43156299,1.0
655,1,43156300,1.0
656,0,43156300,1.0
657,0,43156300,1.0
658,0,43156300,1.0
659,0,43156300,1.0
660,0,43156300,1.0
661,0,43156300,1.0
662,0,43156300,1.0
663,0,43156300,1.0
664,3,43156303,1.0
665,0,43156303,1.0
666,0,43156303,1.0
667,0,43156303,1.0
668,0,43156303,1.0
669,0,43156303,1.0
670,0,43156303,1.0
671,0,43156303,1.0
672,0,43156303,1.0
673,1,43156304,1.0
674,0,43156304,1.0
675,0,43156304,1.0
676,0,43156304,1.0
677,0,43156304,1.0
678,0,43156304,1.0
679,0,43156304,1.0
680,0,43156304,1.0
681,0,43156304,1.0
682,0,43156304,1.0
683,0,43156304,1.0
684,2,43156306,1.0
685,1,43156307,1.0
686,1,43156308,1.0
687,0,43156308,1.0
688,0,43156308,1.0
689,1,43156309,1.0
690,0,43156309,1.0
691,0,43156309,1.0
692,1,43156310,1.0
693,2,43156312,1.0
694,2,43156314,1.0
695,0,43156314,1.0
696,0,43156314,1.0
697,0,43156314,1.0
698,1,43156315,1.0
699,1,43156316,1.0
700,0,43156316,1.0
701,1,43156317,1.0
702,0,43156317,1.0
703,1,43156318,1.0
704,1,43156319,1.0
705,2,43156321,1.0
706,0,43156321,1.0
707,0,43156321,1.0
708,0,43156321,1.0
709,0,43156321,1.0
710,0,43156321,1.0
711,0,43156321,1.0
712,0,43156321,1.0
713,0,43156321,1.0
714,0,43156321,1.0
715,0,43156321,1.0
716,0,43156321,1.0
717,0,43156321,1.0
718,1,43156322,1.0
719,0,43156322,1.0
720,0,43156322,1.0
721,0,43156322,1.0
722,0,43156322,1.0
723,1,43156323,1.0
724,1,43156324,1.0
725,0,43156324,1.0
726,0,43156324,1.0
727,0,43156324,1.0
728,2,43156326,1.0
729,1,43156327,1.0
730,0,43156327,1.0
731,0,43156327,1.0
732,0,43156327,1.0
733,1,43156328,1.0
734,0,43156328,1.0
735,0,43156328,1.0
736,0,43156328,1.0
737,0,43156328,1.0
738,0,43156328,1.0
739,0,43156328,1.0
740,0,43156328,1.0
741,1,43156329,1.0
742,0,43156329,1.0
743,0,43156329,1.0
744,0,43156329,1.0
745,0,43156329,1.0
746,0,43156329,1.0
747,0,43156329,1.0
748,0,43156329,1.0
749,0,43156329,1.0
750,0,43156329,1.0
751,0,43156329,1.0
752,0,43156329,1.0
753,0,43156329,1.0
754,0,43156329,1.0
755,0,43156329,1.0
756,0,43156329,1.0
757,0,43156329,1.0
758,0,43156329,1.0
759,1,43156330,1.0
760,0,43156330,1.0
761,0,43156330,1.0
762,0,43156330,1.0
763,0,43156330,1.0
764,0,43156330,1.0
765,0,43156330,1.0
766,0,43156330,1.0
767,0,43156330,1.0
768,0,43156330,1.0
769,0,43156330,1.0
770,0,43156330,1.0
771,1,43156331,1.0
772,0,43156331,1.0
773,0,43156331,1.0
774,0,43156331,1.0
775,0,43156331,1.0
776,0,43156331,1.0
777,0,43156331,1.0
778,0,43156331,1.0
779,0,43156331,1.0
780,0,43156331,1.0
781,0,43156331,1.0
782,0,43156331,1.0
783,0,43156331,1.0
784,0,43156331,1.0
785,0,43156331,1.0
786,0,43156331,1.0
787,0,43156331,1.0
788,0,43156331,1.0
789,0,43156331,1.0
790,0,43156331,1.0
791,0,43156331,1.0
792,0,43156331,1.0
793,0,43156331,1.0
794,0,43156331,1.0
795,0,43156331,1.0
796,0,43156331,1.0
797,0,43156331,1.0
798,0,43156331,1.0
799,0,43156331,1.0
800,0,43156331,1.0
801,0,43156331,1.0
802,0,43156331,1.0
803,0,43156331,1.0
804,0,43156331,1.0
805,0,43156331,1.0
806,0,43156331,1.0
807,0,43156331,1.0
808,0,43156331,1.0
809,0,43156331,1.0
810,0,43156331,1.0
811,0,43156331,1.0
812,0,43156331,1.0
813,0,43156331,1.0
814,0,43156331,1.0
815,0,43156331,1.0
816,0,43156331,1.0
817,0,43156331,1.0
818,0,43156331,1.0
819,0,43156331,1.0
820,1,43156332,1.0
821,0,43156332,1.0
822,0,43156332,1.0
823,0,43156332,1.0
824,1,43156333,1.0
825,1,43156334,1.0
826,0,43156334,1.0
827,0,43156334,1.0
828,0,43156334,1.0
829,0,43156334,1.0
830,0,43156334,1.0
831,0,43156334,1.0
832,0,43156334,1.0
833,0,43156334,1.0
834,1,43156335,1.0
835,0,43156335,1.0
836,0,43156335,1.0
837,0,43156335,1.0
838,0,43156335,1.0
839,0,43156335,1.0
840,0,43156335,1.0
841,0,43156335,1.0
842,0,43156335,1.0
843,0,43156335,1.0
844,0,43156335,1.0
845,0,43156335,1.0
846,0,43156335,1.0
847,0,43156335,1.0
848,0,43156335,1.0
849,0,43156335,1.0
850,0,43156335,1.0
851,0,43156335,1.0
852,0,43156335,1.0
853,0,43156335,1.0
854,0,43156335,1.0
855,0,43156335,1.0
856,0,43156335,1.0
857,0,43156335,1.0
858,0,43156335,1.0
859,0,43156335,1.0
860,0,43156335,1.0
861,0,43156335,1.0
862,0,43156335,1.0
863,0,43156335,1.0
864,0,43156335,1.0
865,0,43156335,1.0
866,0,43156335,1.0
867,0,43156335,1.0
868,0,43156335,1.0
869,0,43156335,1.0
870,0,43156335,1.0
871,0,43156335,1.0
872,0,43156335,1.0
873,0,43156335,1.0
874,0,43156335,1.0
875,0,43156335,1.0
876,0,43156335,1.0
877,0,43156335,1.0
878,0,43156335,1.0
879,0,43156335,1.0
880,0,43156335,1.0
881,0,43156335,1.0
882,0,43156335,1.0
883,0,43156335,1.0
884,0,43156335,1.0
885,0,43156335,1.0
886,0,43156335,1.0
887,0,43156335,1.0
888,0,43156335,1.0
889,0,43156335,1.0
890,0,43156335,1.0
891,0,43156335,1.0
892,0,43156335,1.0
893,0,43156335,1.0
894,0,43156335,1.0
895,0,43156335,1.0
896,0,43156335,1.0
897,0,43156335,1.0
898,0,43156335,1.0
899,0,43156335,1.0
900,0,43156335,1.0
901,0,43156335,1.0
902,0,43156335,1.0
903,0,43156335,1.0
904,0,43156335,1.0
905,0,43156335,1.0
906,0,43156335,1.0
907,0,43156335,1.0
908,0,43156335,1.0
909,0,43156335,1.0
910,0,43156335,1.0
911,0,43156335,1.0
912,0,43156335,1.0
913,0,43156335,1.0
914,0,43156335,1.0
915,0,43156335,1.0
916,0,43156335,1.0
917,0,43156335,1.0
918,0,43156335,1.0
919,0,43156335,1.0
920,0,43156335,1.0
921,0,43156335,1.0
922,0,43156335,1.0
923,0,43156335,1.0
924,0,43156335,1.0
925,0,43156335,1.0
926,0,43156335,1.0
927,0,43156335,1.0
928,0,43156335,1.0
929,0,43156335,1.0
930,0,43156335,1.0
931,0,43156335,1.0
932,0,43156335,1.0
933,0,43156335,1.0
934,0,43156335,1.0
935,0,43156335,1.0
936,0,43156335,1.0
937,0,43156335,1.0
938,0,43156335,1.0
939,0,43156335,1.0
940,0,43156335,1.0
941,0,43156335,1.0
942,0,43156335,1.0
943,0,43156335,1.0
944,0,43156335,1.0
945,0,43156335,1.0
946,0,43156335,1.0
947,0,43156335,1.0
948,0,43156335,1.0
949,0,43156335,1.0
950,0,43156335,1.0
951,0,43156335,1.0
952,0,43156335,1.0
953,0,43156335,1.0
954,0,43156335,1.0
955,0,43156335,1.0
956,0,43156335,1.0
957,0,43156335,1.0
958,0,43156335,1.0
959,0,43156335,1.0
960,0,43156335,1.0
961,0,43156335,1.0
962,0,43156335,1.0
963,0,43156335,1.0
964,0,43156335,1.0
965,0,43156335,1.0
966,0,43156335,1.0
967,0,43156335,1.0
968,0,43156335,1.0
969,0,43156335,1.0
970,0,43156335,1.0
971,0,43156335,1.0
972,0,43156335,1.0
973,0,43156335,1.0
974,0,43156335,1.0
975,0,43156335,1.0
976,0,43156335,1.0
977,0,43156335,1.0
978,0,43156335,1.0
979,0,43156335,1.0
980,0,43156335,1.0
981,0,43156335,1.0
982,0,43156335,1.0
983,0,43156335,1.0
984,0,43156335,1.0
985,0,43156335,1.0
986,0,43156335,1.0
987,0,43156335,1.0
988,0,43156335,1.0
989,0,43156335,1.0
990,0,43156335,1.0
991,0,43156335,1.0
992,0,43156335,1.0
993,0,43156335,1.0
994,0,43156335,1.0
995,0,43156335,1.0
996,0,43156335,1.0
997,0,43156335,1.0
998,0,43156335,1.0
999,0,43156335,1.0
1000,0,43156335,1.0
1001,0,43156335,1.0
1002,0,43156335,1.0
1003,0,43156335,1.0
1004,0,43156335,1.0
1005,0,43156335,1.0
1006,0,43156335,1.0
1007,0,43156335,1.0
1008,0,43156335,1.0
1009,0,43156335,1.0
1010,0,43156335,1.0
1011,0,43156335,1.0
1012,0,43156335,1.0
1013,0,43156335,1.0
1014,0,43156335,1.0
1015,0,43156335,1.0
1016,0,43156335,1.0
1017,0,43156335,1.0
1018,0,43156335,1.0
1019,0,43156335,1.0
1020,0,43156335,1.0
1021,0,43156335,1.0
1022,0,43156335,1.0
1023,0,43156335,1.0
1024,0,43156335,1.0
1025,0,43156335,1.0
1026,0,43156335,1.0
1027,0,43156335,1.0
1028,0,43156335,1.0
1029,0,43156335,1.0
1030,0,43156335,1.0
1031,0,43156335,1.0
1032,0,43156335,1.0
1033,0,43156335,1.0
1034,0,43156335,1.0
1035,1,43156336,1.0
1036,0,43156336,1.0
1037,0,43156336,1.0
1038,0,43156336,1.0
1039,0,43156336,1.0
1040,0,43156336,1.0
1041,0,43156336,1.0
1042,0,43156336,1.0
1043,0,43156336,1.0
1044,0,43156336,1.0
1045,0,43156336,1.0
1046,0,43156336,1.0
1047,0,43156336,1.0
1048,0,43156336,1.0
1049,0,43156336,1.0
1050,0,43156336,1.0
1051,0,43156336,1.0
1052,0,43156336,1.0
1053,0,43156336,1.0
1054,0,43156336,1.0
1055,0,43156336,1.0
1056,0,43156336,1.0
1057,0,43156336,1.0
1058,0,43156336,1.0
1059,0,43156336,1.0
1060,0,43156336,1.0
1061,0,43156336,1.0
1062,0,43156336,1.0
1063,0,43156336,1.0
1064,0,43156336,1.0
1065,0,43156336,1.0
1066,0,43156336,1.0
1067,0,43156336,1.0
1068,0,43156336,1.0
1069,0,43156336,1.0
1070,0,43156336,1.0
1071,0,43156336,1.0
1072,0,43156336,1.0
1073,0,43156336,1.0
1074,0,43156336,1.0
1075,0,43156336,1.0
1076,0,43156336,1.0
1077,0,43156336,1.0
1078,0,43156336,1.0
1079,0,43156336,1.0
1080,0,43156336,1.0
1081,0,43156336,1.0
1082,0,43156336,1.0
1083,0,43156336,1.0
1084,0,43156336,1.0
1085,0,43156336,1.0
1086,0,43156336,1.0
1087,0,43156336,1.0
1088,0,43156336,1.0
1089,0,43156336,1.0
1090,0,43156336,1.0
1091,0,43156336,1.0
1092,0,43156336,1.0
1093,0,43156336,1.0
1094,0,43156336,1.0
1095,0,43156336,1.0
1096,1,43156337,1.0
1097,0,43156337,1.0
1098,0,43156337,1.0
1099,0,43156337,1.0
1100,0,43156337,1.0
1101,0,43156337,1.0
1102,0,43156337,1.0
1103,0,43156337,1.0
1104,0,43156337,1.0
1105,0,43156337,1.0
1106,0,43156337,1.0
1107,0,43156337,1.0
1108,0,43156337,1.0
1109,0,43156337,1.0
1110,0,43156337,1.0
1111,0,43156337,1.0
1112,0,43156337,1.0
1113,0,43156337,1.0
1114,0,43156337,1.0
1115,0,43156337,1.0
1116,0,43156337,1.0
1117,0,43156337,1.0
1118,0,43156337,1.0
1119,0,43156337,1.0
1120,0,43156337,1.0
1121,0,43156337,1.0
1122,0,43156337,1.0
1123,0,43156337,1.0
1124,0,43156337,1.0
1125,0,43156337,1.0
1126,0,43156337,1.0
1127,0,43156337,1.0
1128,0,43156337,1.0
1129,0,43156337,1.0
1130,0,43156337,1.0
1131,0,43156337,1.0
1132,0,43156337,1.0
1133,0,43156337,1.0
1134,0,43156337,1.0
1135,0,43156337,1.0
1136,0,43156337,1.0
1137,0,43156337,1.0
1138,0,43156337,1.0
1139,0,43156337,1.0
1140,0,43156337,1.0
1141,0,43156337,1.0
1142,2,43156339,1.0
1143,0,43156339,1.0
1144,0,43156339,1.0
1145,0,43156339,1.0
1146,0,43156339,1.0
1147,0,43156339,1.0
1148,0,43156339,1.0
1149,0,43156339,1.0
1150,0,43156339,1.0
1151,0,43156339,1.0
1152,0,43156339,1.0
1153,0,43156339,1.0
1154,0,43156339,1.0
1155,0,43156339,1.0
1156,0,43156339,1.0
1157,0,43156339,1.0
1158,0,43156339,1.0
1159,0,43156339,1.0
1160,0,43156339,1.0
1161,0,43156339,1.0
1162,0,43156339,1.0
1163,0,43156339,1.0
1164,0,43156339,1.0
1165,0,43156339,1.0
1166,0,43156339,1.0
1167,0,43156339,1.0
1168,0,43156339,1.0
1169,0,43156339,1.0
1170,0,43156339,1.0
1171,0,43156339,1.0
1172,0,43156339,1.0
1173,0,43156339,1.0
1174,0,43156339,1.0
1175,0,43156339,1.0
1176,0,43156339,1.0
1177,0,43156339,1.0
1178,0,43156339,1.0
1179,0,43156339,1.0
1180,0,43156339,1.0
1181,0,43156339,1.0
1182,0,43156339,1.0
1183,0,43156339,1.0
1184,0,43156339,1.0
1185,0,43156339,1.0
1186,0,43156339,1.0
1187,0,43156339,1.0
1188,0,43156339,1.0
1189,0,43156339,1.0
1190,0,43156339,1.0
1191,0,43156339,1.0
1192,0,43156339,1.0
1193,0,43156339,1.0
1194,0,43156339,1.0
1195,0,43156339,1.0
1196,0,43156339,1.0
1197,1,43156340,1.0
1198,0,43156340,1.0
1199,0,43156340,1.0
1200,0,43156340,1.0
1201,0,43156340,1.0
1202,0,43156340,1.0
1203,0,43156340,1.0
1204,0,43156340,1.0
1205,0,43156340,1.0
1206,0,43156340,1.0
1207,0,43156340,1.0
1208,0,43156340,1.0
1209,0,43156340,1.0
1210,0,43156340,1.0
1211,0,43156340,1.0
1212,0,43156340,1.0
1213,0,43156340,1.0
1214,1,43156341,1.0
1215,0,43156341,1.0
1216,0,43156341,1.0
1217,0,43156341,1.0
1218,0,43156341,1.0
1219,0,43156341,1.0
1220,0,43156341,1.0
1221,0,43156341,1.0
1222,0,43156341,1.0
1223,0,43156341,1.0
1224,0,43156341,1.0
1225,1,43156342,1.0
1226,0,43156342,1.0
1227,0,43156342,1.0
1228,0,43156342,1.0
1229,0,43156342,1.0
1230,0,43156342,1.0
1231,1,43156343,1.0
1232,0,43156343,1.0
1233,0,43156343,1.0
1234,0,43156343,1.0
1235,0,43156343,1.0
1236,0,43156343,1.0
1237,0,43156343,1.0
1238,0,43156343,1.0
1239,0,43156343,1.0
1240,0,43156343,1.0
1241,1,43156344,1.0
1242,0,43156344,1.0
1243,0,43156344,1.0
1244,0,43156344,1.0
1245,0,43156344,1.0
1246,0,43156344,1.0
1247,0,43156344,1.0
1248,0,43156344,1.0
1249,0,43156344,1.0
1250,0,43156344,1.0
1251,0,43156344,1.0
1252,0,43156344,1.0
1253,0,43156344,1.0
1254,0,43156344,1.0
1255,0,43156344,1.0
1256,0,43156344,1.0
1257,0,43156344,1.0
1258,0,43156344,1.0
1259,0,43156344,1.0
1260,0,43156344,1.0
1261,0,43156344,1.0
1262,0,43156344,1.0
1263,0,43156344,1.0
1264,1,43156345,1.0
1265,0,43156345,1.0
1266,0,43156345,1.0
1267,0,43156345,1.0
1268,0,43156345,1.0
1269,0,43156345,1.0
1270,0,43156345,1.0
1271,0,43156345,1.0
1272,0,43156345,1.0
1273,0,43156345,1.0
1274,0,43156345,1.0
1275,0,43156345,1.0
1276,0,43156345,1.0
1277,0,43156345,1.0
1278,0,43156345,1.0
1279,0,43156345,1.0
1280,0,43156345,1.0
1281,0,43156345,1.0
1282,0,43156345,1.0
1283,0,43156345,1.0
1284,0,43156345,1.0
1285,0,43156345,1.0
1286,0,43156345,1.0
1287,0,43156345,1.0
1288,0,43156345,1.0
1289,0,43156345,1.0
1290,0,43156345,1.0
1291,0,43156345,1.0
1292,0,43156345,1.0
1293,0,43156345,1.0
1294,0,43156345,1.0
1295,0,43156345,1.0
1296,0,43156345,1.0
1297,0,43156345,1.0
1298,0,43156345,1.0
1299,0,43156345,1.0
1300,0,43156345,1.0
1301,0,43156345,1.0
1302,0,43156345,1.0
1303,0,43156345,1.0
1304,0,43156345,1.0
1305,0,43156345,1.0
1306,0,43156345,1.0
1307,0,43156345,1.0
1308,0,43156345,1.0
1309,0,43156345,1.0
1310,0,43156345,1.0
1311,0,43156345,1.0
1312,0,43156345,1.0
1313,0,43156345,1.0
1314,0,43156345,1.0
1315,0,43156345,1.0
1316,0,43156345,1.0
1317,0,43156345,1.0
1318,0,43156345,1.0
1319,0,43156345,1.0
1320,0,43156345,1.0
1321,0,43156345,1.0
1322,0,43156345,1.0
1323,0,43156345,1.0
1324,0,43156345,1.0
1325,0,43156345,1.0
1326,0,43156345,1.0
1327,0,43156345,1.0
1328,0,43156345,1.0
1329,0,43156345,1.0
1330,0,43156345,1.0
1331,0,43156345,1.0
1332,0,43156345,1.0
1333,0,43156345,1.0
1334,0,43156345,1.0
1335,0,43156345,1.0
1336,0,43156345,1.0
1337,0,43156345,1.0
1338,0,43156345,1.0
1339,0,43156345,1.0
1340,0,43156345,1.0
1341,0,43156345,1.0
1342,0,43156345,1.0
1343,0,43156345,1.0
1344,0,43156345,1.0
1345,0,43156345,1.0
1346,0,43156345,1.0
1347,0,43156345,1.0
1348,0,43156345,1.0
1349,0,43156345,1.0
1350,0,43156345,1.0
1351,0,43156345,1.0
1352,0,43156345,1.0
1353,0,43156345,1.0
1354,0,43156345,1.0
1355,0,43156345,1.0
1356,0,43156345,1.0
1357,0,43156345,1.0
1358,0,43156345,1.0
1359,0,43156345,1.0
1360,0,43156345,1.0
1361,0,43156345,1.0
1362,0,43156345,1.0
1363,0,43156345,1.0
1364,0,43156345,1.0
1365,0,43156345,1.0
1366,0,43156345,1.0
1367,0,43156345,1.0
1368,0,43156345,1.0
1369,0,43156345,1.0
1370,0,43156345,1.0
1371,0,43156345,1.0
1372,0,43156345,1.0
1373,0,43156345,1.0
1374,0,43156345,1.0
1375,0,43156345,1.0
1376,0,43156345,1.0
1377,0,43156345,1.0
1378,0,43156345,1.0
1379,0,43156345,1.0
1380,0,43156345,1.0
1381,0,43156345,1.0
1382,0,43156345,1.0
1383,0,43156345,1.0
1384,0,43156345,1.0
1385,0,43156345,1.0
1386,0,43156345,1.0
1387,0,43156345,1.0
1388,0,43156345,1.0
1389,0,43156345,1.0
1390,0,43156345,1.0
1391,0,43156345,1.0
1392,0,43156345,1.0
1393,0,43156345,1.0
1394,0,43156345,1.0
1395,0,43156345,1.0
1396,0,43156345,1.0
1397,0,43156345,1.0
1398,0,43156345,1.0
1399,0,43156345,1.0
1400,0,43156345,1.0
1401,0,43156345,1.0
1402,0,43156345,1.0
1403,0,43156345,1.0
1404,0,43156345,1.0
1405,0,43156345,1.0
1406,0,43156345,1.0
1407,0,43156345,1.0
1408,0,43156345,1.0
1409,0,43156345,1.0
1410,0,43156345,1.0
1411,0,43156345,1.0
1412,0,43156345,1.0
1413,0,43156345,1.0
1414,0,43156345,1.0
1415,0,43156345,1.0
1416,0,43156345,1.0
1417,0,43156345,1.0
1418,0,43156345,1.0
1419,0,43156345,1.0
1420,0,43156345,1.0
1421,0,43156345,1.0
1422,0,43156345,1.0
1423,0,43156345,1.0
1424,0,43156345,1.0
1425,0,43156345,1.0
1426,0,43156345,1.0
1427,0,43156345,1.0
1428,0,43156345,1.0
1429,0,43156345,1.0
1430,0,43156345,1.0
1431,0,43156345,1.0
1432,0,43156345,1.0
1433,1,43156346,1.0
1434,0,43156346,1.0
1435,0,43156346,1.0
1436,0,43156346,1.0
1437,0,43156346,1.0
1438,0,43156346,1.0
1439,0,43156346,1.0
1440,0,43156346,1.0
1441,0,43156346,1.0
1442,0,43156346,1.0
1443,1,43156347,1.0
1444,0,43156347,1.0
1445,0,43156347,1.0
1446,0,43156347,1.0
1447,0,43156347,1.0
1448,0,43156347,1.0
1449,0,43156347,1.0
1450,0,43156347,1.0
1451,0,43156347,1.0
1452,0,43156347,1.0
1453,0,43156347,1.0
1454,0,43156347,1.0
1455,0,43156347,1.0
1456,0,43156347,1.0
1457,0,43156347,1.0
1458,0,43156347,1.0
1459,0,43156347,1.0
1460,0,43156347,1.0
1461,0,43156347,1.0
1462,0,43156347,1.0
1463,0,43156347,1.0
1464,0,43156347,1.0
1465,0,43156347,1.0
1466,0,43156347,1.0
1467,0,43156347,1.0
1468,0,43156347,1.0
1469,1,43156348,1.0
1470,0,43156348,1.0
1471,0,43156348,1.0
1472,0,43156348,1.0
1473,0,43156348,1.0
1474,0,43156348,1.0
1475,0,43156348,1.0
1476,0,43156348,1.0
1477,0,43156348,1.0
1478,1,43156349,1.0
1479,0,43156349,1.0
1480,0,43156349,1.0
1481,0,43156349,1.0
1482,0,43156349,1.0
1483,0,43156349,1.0
1484,0,43156349,1.0
1485,0,43156349,1.0
1486,0,43156349,1.0
1487,0,43156349,1.0
1488,0,43156349,1.0
1489,0,43156349,1.0
1490,0,43156349,1.0
1491,0,43156349,1.0
1492,0,43156349,1.0
1493,0,43156349,1.0
1494,0,43156349,1.0
1495,0,43156349,1.0
1496,0,43156349,1.0
1497,0,43156349,1.0
1498,0,43156349,1.0
1499,1,43156350,1.0
1500,0,43156350,1.0
1501,0,43156350,1.0
1502,0,43156350,1.0
1503,0,43156350,1.0
1504,0,43156350,1.0
1505,0,43156350,1.0
1506,0,43156350,1.0
1507,0,43156350,1.0
1508,0,43156350,1.0
1509,1,43156351,1.0
1510,0,43156351,1.0
1511,0,43156351,1.0
1512,0,43156351,1.0
1513,0,43156351,1.0
1514,0,43156351,1.0
1515,0,43156351,1.0
1516,0,43156351,1.0
1517,0,43156351,1.0
1518,0,43156351,1.0
1519,0,43156351,1.0
1520,0,43156351,1.0
1521,1,43156352,1.0
1522,0,43156352,1.0
1523,0,43156352,1.0
1524,0,43156352,1.0
1525,0,43156352,1.0
1526,0,43156352,1.0
1527,0,43156352,1.0
1528,0,43156352,1.0
1529,1,43156353,1.0
1530,0,43156353,1.0
1531,0,43156353,1.0
1532,0,43156353,1.0
1533,0,43156353,1.0
1534,0,43156353,1.0
1535,1,43156354,1.0
1536,0,43156354,1.0
1537,0,43156354,1.0
1538,0,43156354,1.0
1539,0,43156354,1.0
1540,0,43156354,1.0
1541,0,43156354,1.0
1542,0,43156354,1.0
1543,0,43156354,1.0
1544,0,43156354,1.0
1545,0,43156354,1.0
1546,0,43156354,1.0
1547,0,43156354,1.0
1548,0,43156354,1.0
1549,0,43156354,1.0
1550,0,43156354,1.0
1551,0,43156354,1.0
1552,1,43156355,1.0
1553,0,43156355,1.0
1554,0,43156355,1.0
1555,0,43156355,1.0
1556,0,43156355,1.0
1557,0,43156355,1.0
1558,0,43156355,1.0
1559,0,43156355,1.0
1560,0,43156355,1.0
1561,0,43156355,1.0
1562,0,43156355,1.0
1563,0,43156355,1.0
1564,0,43156355,1.0
1565,0,43156355,1.0
1566,0,43156355,1.0
1567,0,43156355,1.0
1568,0,43156355,1.0
1569,0,43156355,1.0
1570,0,43156355,1.0
1571,0,43156355,1.0
1572,0,43156355,1.0
1573,0,43156355,1.0
1574,0,43156355,1.0
1575,0,43156355,1.0
1576,0,43156355,1.0
1577,0,43156355,1.0
1578,0,43156355,1.0
1579,0,43156355,1.0
1580,0,43156355,1.0
1581,0,43156355,1.0
1582,0,43156355,1.0
1583,0,43156355,1.0
1584,0,43156355,1.0
1585,0,43156355,1.0
1586,0,43156355,1.0
1587,0,43156355,1.0
1588,0,43156355,1.0
1589,0,43156355,1.0
1590,1,43156356,1.0
1591,0,43156356,1.0
1592,0,43156356,1.0
1593,0,43156356,1.0
1594,0,43156356,1.0
1595,0,43156356,1.0
1596,0,43156356,1.0
1597,0,43156356,1.0
1598,0,43156356,1.0
1599,0,43156356,1.0
1600,0,43156356,1.0
1601,0,43156356,1.0
1602,0,43156356,1.0
1603,0,43156356,1.0
1604,0,43156356,1.0
1605,0,43156356,1.0
1606,0,43156356,1.0
1607,0,43156356,1.0
1608,0,43156356,1.0
1609,0,43156356,1.0
1610,0,43156356,1.0
1611,0,43156356,1.0
1612,0,43156356,1.0
1613,0,43156356,1.0
1614,0,43156356,1.0
1615,0,43156356,1.0
1616,0,43156356,1.0
1617,0,43156356,1.0
1618,0,43156356,1.0
1619,0,43156356,1.0
1620,0,43156356,1.0
1621,0,43156356,1.0
1622,0,43156356,1.0
1623,0,43156356,1.0
1624,0,43156356,1.0
1625,0,43156356,1.0
1626,0,43156356,1.0
1627,0,43156356,1.0
1628,1,43156357,1.0
1629,0,43156357,1.0
1630,0,43156357,1.0
1631,0,43156357,1.0
1632,0,43156357,1.0
1633,0,43156357,1.0
1634,0,43156357,1.0
1635,0,43156357,1.0
1636,0,43156357,1.0
1637,0,43156357,1.0
1638,0,43156357,1.0
1639,0,43156357,1.0
1640,0,43156357,1.0
1641,0,43156357,1.0
1642,0,43156357,1.0
1643,0,43156357,1.0
1644,0,43156357,1.0
1645,0,43156357,1.0
1646,0,43156357,1.0
1647,0,43156357,1.0
1648,0,43156357,1.0
1649,0,43156357,1.0
1650,0,43156357,1.0
1651,1,43156358,1.0
1652,0,43156358,1.0
1653,0,43156358,1.0
1654,0,43156358,1.0
1655,0,43156358,1.0
1656,0,43156358,1.0
1657,0,43156358,1.0
1658,0,43156358,1.0
1659,0,43156358,1.0
1660,0,43156358,1.0
1661,0,43156358,1.0
1662,0,43156358,1.0
1663,0,43156358,1.0
1664,0,43156358,1.0
1665,0,43156358,1.0
1666,0,43156358,1.0
1667,0,43156358,1.0
1668,0,43156358,1.0
1669,0,43156358,1.0
1670,0,43156358,1.0
1671,0,43156358,1.0
1672,0,43156358,1.0
1673,0,43156358,1.0
1674,0,43156358,1.0
1675,0,43156358,1.0
1676,0,43156358,1.0
1677,0,43156358,1.0
1678,0,43156358,1.0
1679,0,43156358,1.0
1680,0,43156358,1.0
1681,0,43156358,1.0
1682,0,43156358,1.0
1683,0,43156358,1.0
1684,0,43156358,1.0
1685,0,43156358,1.0
1686,0,43156358,1.0
1687,0,43156358,1.0
1688,0,43156358,1.0
1689,0,43156358,1.0
1690,0,43156358,1.0
1691,0,43156358,1.0
1692,0,43156358,1.0
1693,0,43156358,1.0
1694,0,43156358,1.0
1695,0,43156358,1.0
1696,0,43156358,1.0
1697,0,43156358,1.0
1698,0,43156358,1.0
1699,0,43156358,1.0
1700,0,43156358,1.0
1701,0,43156358,1.0
1702,0,43156358,1.0
1703,0,43156358,1.0
1704,0,43156358,1.0
1705,0,43156358,1.0
1706,0,43156358,1.0
1707,0,43156358,1.0
1708,0,43156358,1.0
1709,0,43156358,1.0
1710,0,43156358,1.0
1711,0,43156358,1.0
1712,0,43156358,1.0
1713,0,43156358,1.0
1714,0,43156358,1.0
1715,0,43156358,1.0
1716,0,43156358,1.0
1717,1,43156359,1.0
1718,0,43156359,1.0
1719,0,43156359,1.0
1720,0,43156359,1.0
1721,0,43156359,1.0
1722,0,43156359,1.0
1723,0,43156359,1.0
1724,0,43156359,1.0
1725,0,43156359,1.0
1726,0,43156359,1.0
1727,0,43156359,1.0
1728,0,43156359,1.0
1729,0,43156359,1.0
1730,0,43156359,1.0
1731,0,43156359,1.0
1732,1,43156360,1.0
1733,1,43156361,1.0
1734,1,43156362,1.0
1735,0,43156362,1.0
1736,0,43156362,1.0
1737,1,43156363,1.0
1738,2,43156365,1.0
1739,0,43156365,1.0
1740,1,43156366,1.0
1741,0,43156366,1.0
1742,0,43156366,1.0
1743,0,43156366,1.0
1744,0,43156366,1.0
1745,0,43156366,1.0
1746,0,43156366,1.0
1747,0,43156366,1.0
1748,0,43156366,1.0
1749,0,43156366,1.0
1750,0,43156366,1.0
1751,0,43156366,1.0
1752,0,43156366,1.0
1753,0,43156366,1.0
1754,0,43156366,1.0
1755,0,43156366,1.0
1756,0,43156366,1.0
1757,0,43156366,1.0
1758,0,43156366,1.0
1759,0,43156366,1.0
1760,0,43156366,1.0
1761,1,43156367,1.0
1762,0,43156367,1.0
1763,0,43156367,1.0
1764,0,43156367,1.0
1765,0,43156367,1.0
1766,0,43156367,1.0
1767,0,43156367,1.0
1768,0,43156367,1.0
1769,0,43156367,1.0
1770,0,43156367,1.0
1771,0,43156367,1.0
1772,0,43156367,1.0
1773,0,43156367,1.0
1774,0,43156367,1.0
1775,0,43156367,1.0
1776,0,43156367,1.0
1777,0,43156367,1.0
1778,0,43156367,1.0
1779,1,43156368,1.0
1780,0,43156368,1.0
1781,0,43156368,1.0
1782,0,43156368,1.0
1783,0,43156368,1.0
1784,0,43156368,1.0
1785,0,43156368,1.0
1786,0,43156368,1.0
1787,0,43156368,1.0
1788,1,43156369,1.0
1789,0,43156369,1.0
1790,0,43156369,1.0
1791,0,43156369,1.0
1792,0,43156369,1.0
1793,0,43156369,1.0
1794,0,43156369,1.0
1795,0,43156369,1.0
1796,0,43156369,1.0
1797,0,43156369,1.0
1798,0,43156369,1.0
1799,0,43156369,1.0
1800,0,43156369,1.0
1801,0,43156369,1.0
1802,0,43156369,1.0
1803,0,43156369,1.0
1804,0,43156369,1.0
1805,0,43156369,1.0
1806,0,43156369,1.0
1807,0,43156369,1.0
1808,0,43156369,1.0
1809,0,43156369,1.0
1810,0,43156369,1.0
1811,0,43156369,1.0
1812,0,43156369,1.0
1813,0,43156369,1.0
1814,0,43156369,1.0
1815,0,43156369,1.0
1816,0,43156369,1.0
1817,0,43156369,1.0
1818,0,43156369,1.0
1819,1,43156370,1.0
1820,0,43156370,1.0
1821,0,43156370,1.0
1822,1,43156371,1.0
1823,0,43156371,1.0
1824,0,43156371,1.0
1825,0,43156371,1.0
1826,0,43156371,1.0
1827,0,43156371,1.0
1828,0,43156371,1.0
1829,0,43156371,1.0
1830,0,43156371,1.0
1831,0,43156371,1.0
1832,0,43156371,1.0
1833,0,43156371,1.0
1834,0,43156371,1.0
1835,0,43156371,1.0
1836,0,43156371,1.0
1837,0,43156371,1.0
1838,0,43156371,1.0
1839,0,43156371,1.0
1840,1,43156372,1.0
1841,0,43156372,1.0
1842,0,43156372,1.0
1843,0,43156372,1.0
1844,0,43156372,1.0
1845,0,43156372,1.0
1846,0,43156372,1.0
1847,0,43156372,1.0
1848,0,43156372,1.0
1849,0,43156372,1.0
1850,0,43156372,1.0
1851,0,43156372,1.0
1852,0,43156372,1.0
1853,0,43156372,1.0
1854,0,43156372,1.0
1855,0,43156372,1.0
1856,0,43156372,1.0
1857,0,43156372,1.0
1858,0,43156372,1.0
1859,0,43156372,1.0
1860,0,43156372,1.0
1861,0,43156372,1.0
1862,0,43156372,1.0
1863,0,43156372,1.0
1864,0,43156372,1.0
1865,0,43156372,1.0
1866,0,43156372,1.0
1867,0,43156372,1.0
1868,0,43156372,1.0
1869,0,43156372,1.0
1870,0,43156372,1.0
1871,0,43156372,1.0
1872,0,43156372,1.0
1873,0,43156372,1.0
1874,0,43156372,1.0
1875,0,43156372,1.0
1876,0,43156372,1.0
1877,0,43156372,1.0
1878,0,43156372,1.0
1879,0,43156372,1.0
1880,0,43156372,1.0
1881,0,43156372,1.0
1882,0,43156372,1.0
1883,0,43156372,1.0
1884,0,43156372,1.0
1885,0,43156372,1.0
1886,0,43156372,1.0
1887,0,43156372,1.0
1888,0,43156372,1.0
1889,0,43156372,1.0
1890,0,43156372,1.0
1891,0,43156372,1.0
1892,0,43156372,1.0
1893,0,43156372,1.0
1894,0,43156372,1.0
1895,0,43156372,1.0
1896,0,43156372,1.0
1897,0,43156372,1.0
1898,0,43156372,1.0
1899,0,43156372,1.0
1900,0,43156372,1.0
1901,0,43156372,1.0
1902,0,43156372,1.0
1903,0,43156372,1.0
1904,0,43156372,1.0
1905,0,43156372,1.0
1906,0,43156372,1.0
1907,0,43156372,1.0
1908,0,43156372,1.0
1909,0,43156372,1.0
1910,0,43156372,1.0
1911,0,43156372,1.0
1912,0,43156372,1.0
1913,0,43156372,1.0
1914,0,43156372,1.0
1915,0,43156372,1.0
1916,0,43156372,1.0
1917,0,43156372,1.0
1918,0,43156372,1.0
1919,0,43156372,1.0
1920,0,43156372,1.0
1921,0,43156372,1.0
1922,0,43156372,1.0
1923,0,43156372,1.0
1924,0,43156372,1.0
1925,0,43156372,1.0
1926,0,43156372,1.0
1927,0,43156372,1.0
1928,0,43156372,1.0
1929,0,43156372,1.0
1930,0,43156372,1.0
1931,0,43156372,1.0
1932,0,43156372,1.0
1933,0,43156372,1.0
1934,0,43156372,1.0
1935,0,43156372,1.0
1936,0,43156372,1.0
1937,0,43156372,1.0
1938,0,43156372,1.0
1939,0,43156372,1.0
1940,0,43156372,1.0
1941,0,43156372,1.0
1942,0,43156372,1.0
1943,0,43156372,1.0
1944,0,43156372,1.0
1945,0,43156372,1.0
1946,0,43156372,1.0
1947,0,43156372,1.0
1948,0,43156372,1.0
1949,0,43156372,1.0
1950,0,43156372,1.0
1951,0,43156372,1.0
1952,0,43156372,1.0
1953,0,43156372,1.0
1954,0,43156372,1.0
1955,0,43156372,1.0
1956,0,43156372,1.0
1957,0,43156372,1.0
1958,0,43156372,1.0
1959,0,43156372,1.0
1960,0,43156372,1.0
1961,0,43156372,1.0
1962,0,43156372,1.0
1963,0,43156372,1.0
1964,0,43156372,1.0
1965,0,43156372,1.0
1966,0,43156372,1.0
1967,0,43156372,1.0
1968,0,43156372,1.0
1969,0,43156372,1.0
1970,0,43156372,1.0
1971,0,43156372,1.0
1972,0,43156372,1.0
1973,0,43156372,1.0
1974,0,43156372,1.0
1975,0,43156372,1.0
1976,0,43156372,1.0
1977,0,43156372,1.0
1978,0,43156372,1.0
1979,0,43156372,1.0
1980,0,43156372,1.0
1981,0,43156372,1.0
1982,0,43156372,1.0
1983,0,43156372,1.0
1984,0,43156372,1.0
1985,0,43156372,1.0
1986,0,43156372,1.0
1987,0,43156372,1.0
1988,0,43156372,1.0
1989,0,43156372,1.0
1990,0,43156372,1.0
1991,0,43156372,1.0
1992,0,43156372,1.0
1993,0,43156372,1.0
1994,0,43156372,1.0
1995,0,43156372,1.0
1996,0,43156372,1.0
1997,0,43156372,1.0
1998,0,43156372,1.0
1999,0,43156372,1.0
2000,0,43156372,1.0
2001,0,43156372,1.0
2002,0,43156372,1.0
2003,0,43156372,1.0
2004,0,43156372,1.0
2005,0,43156372,1.0
2006,0,43156372,1.0
2007,0,43156372,1.0
2008,0,43156372,1.0
2009,0,43156372,1.0
2010,0,43156372,1.0
2011,0,43156372,1.0
2012,0,43156372,1.0
2013,0,43156372,1.0
2014,0,43156372,1.0
2015,0,43156372,1.0
2016,0,43156372,1.0
2017,0,43156372,1.0
2018,0,43156372,1.0
2019,0,43156372,1.0
2020,0,43156372,1.0
2021,0,43156372,1.0
2022,0,43156372,1.0
2023,0,43156372,1.0
2024,0,43156372,1.0
2025,0,43156372,1.0
2026,0,43156372,1.0
2027,0,43156372,1.0
2028,0,43156372,1.0
2029,0,43156372,1.0
2030,0,43156372,1.0
2031,0,43156372,1.0
2032,0,43156372,1.0
2033,0,43156372,1.0
2034,0,43156372,1.0
2035,0,43156372,1.0
2036,0,43156372,1.0
2037,0,43156372,1.0
2038,0,43156372,1.0
2039,0,43156372,1.0
2040,0,43156372,1.0
2041,0,43156372,1.0
2042,0,43156372,1.0
2043,0,43156372,1.0
2044,0,43156372,1.0
2045,0,43156372,1.0
2046,1,43156373,1.0
2047,0,43156373,1.0
2048,0,43156373,1.0
2049,0,43156373,1.0
2050,0,43156373,1.0
2051,0,43156373,1.0
2052,0,43156373,1.0
2053,0,43156373,1.0
2054,0,43156373,1.0
2055,0,43156373,1.0
2056,0,43156373,1.0
2057,0,43156373,1.0
2058,0,43156373,1.0
2059,0,43156373,1.0
2060,0,43156373,1.0
2061,0,43156373,1.0
2062,0,43156373,1.0
2063,0,43156373,1.0
2064,0,43156373,1.0
2065,0,43156373,1.0
2066,0,43156373,1.0
2067,0,43156373,1.0
2068,0,43156373,1.0
2069,0,43156373,1.0
2070,0,43156373,1.0
2071,0,43156373,1.0
2072,0,43156373,1.0
2073,0,43156373,1.0
2074,0,43156373,1.0
2075,0,43156373,1.0
2076,0,43156373,1.0
2077,0,43156373,1.0
2078,0,43156373,1.0
2079,0,43156373,1.0
2080,0,43156373,1.0
2081,0,43156373,1.0
2082,0,43156373,1.0
2083,0,43156373,1.0
2084,0,43156373,1.0
2085,0,43156373,1.0
2086,0,43156373,1.0
2087,0,43156373,1.0
2088,0,43156373,1.0
2089,0,43156373,1.0
2090,1,43156374,1.0
2091,0,43156374,1.0
2092,0,43156374,1.0
2093,0,43156374,1.0
2094,0,43156374,1.0
2095,0,43156374,1.0
2096,0,43156374,1.0
2097,0,43156374,1.0
2098,0,43156374,1.0
2099,0,43156374,1.0
2100,0,43156374,1.0
2101,0,43156374,1.0
2102,0,43156374,1.0
2103,0,43156374,1.0
2104,0,43156374,1.0
2105,0,43156374,1.0
2106,0,43156374,1.0
2107,0,43156374,1.0
2108,0,43156374,1.0
2109,0,43156374,1.0
2110,0,43156374,1.0
2111,0,43156374,1.0
2112,0,43156374,1.0
2113,0,43156374,1.0
2114,0,43156374,1.0
2115,0,43156374,1.0
2116,0,43156374,1.0
2117,0,43156374,1.0
2118,0,43156374,1.0
2119,0,43156374,1.0
2120,0,43156374,1.0
2121,0,43156374,1.0
2122,0,43156374,1.0
2123,0,43156374,1.0
2124,0,43156374,1.0
2125,0,43156374,1.0
2126,0,43156374,1.0
2127,0,43156374,1.0
2128,0,43156374,1.0
2129,0,43156374,1.0
2130,0,43156374,1.0
2131,0,43156374,1.0
2132,0,43156374,1.0
2133,0,43156374,1.0
2134,0,43156374,1.0
2135,0,43156374,1.0
2136,0,43156374,1.0
2137,0,43156374,1.0
2138,0,43156374,1.0
2139,0,43156374,1.0
2140,0,43156374,1.0
2141,0,43156374,1.0
2142,0,43156374,1.0
2143,0,43156374,1.0
2144,0,43156374,1.0
2145,0,43156374,1.0
2146,0,43156374,1.0
2147,0,43156374,1.0
2148,0,43156374,1.0
2149,0,43156374,1.0
2150,0,43156374,1.0
2151,0,43156374,1.0
2152,0,43156374,1.0
2153,0,43156374,1.0
2154,0,43156374,1.0
2155,0,43156374,1.0
2156,0,43156374,1.0
2157,0,43156374,1.0
2158,0,43156374,1.0
2159,0,43156374,1.0
2160,0,43156374,1.0
2161,0,43156374,1.0
2162,0,43156374,1.0
2163,0,43156374,1.0
2164,0,43156374,1.0
2165,0,43156374,1.0
2166,0,43156374,1.0
2167,0,43156374,1.0
2168,0,43156374,1.0
2169,0,43156374,1.0
2170,0,43156374,1.0
2171,0,43156374,1.0
2172,0,43156374,1.0
2173,0,43156374,1.0
2174,0,43156374,1.0
2175,0,43156374,1.0
2176,0,43156374,1.0
2177,0,43156374,1.0
2178,0,43156374,1.0
2179,0,43156374,1.0
2180,0,43156374,1.0
2181,0,43156374,1.0
2182,0,43156374,1.0
2183,0,43156374,1.0
2184,0,43156374,1.0
2185,0,43156374,1.0
2186,1,43156375,1.0
2187,0,43156375,1.0
2188,0,43156375,1.0
2189,0,43156375,1.0
2190,0,43156375,1.0
2191,0,43156375,1.0
2192,0,43156375,1.0
2193,0,43156375,1.0
2194,0,43156375,1.0
2195,0,43156375,1.0
2196,0,43156375,1.0
2197,0,43156375,1.0
2198,0,43156375,1.0
2199,0,43156375,1.0
2200,0,43156375,1.0
2201,0,43156375,1.0
2202,0,43156375,1.0
2203,0,43156375,1.0
2204,0,43156375,1.0
2205,0,43156375,1.0
2206,0,43156375,1.0
2207,0,43156375,1.0
2208,0,43156375,1.0
2209,0,43156375,1.0
2210,0,43156375,1.0
2211,0,43156375,1.0
2212,0,43156375,1.0
2213,0,43156375,1.0
2214,0,43156375,1.0
2215,0,43156375,1.0
2216,0,43156375,1.0
2217,0,43156375,1.0
2218,0,43156375,1.0
2219,0,43156375,1.0
2220,0,43156375,1.0
2221,0,43156375,1.0
2222,0,43156375,1.0
2223,0,43156375,1.0
2224,0,43156375,1.0
2225,0,43156375,1.0
2226,0,43156375,1.0
2227,0,43156375,1.0
2228,0,43156375,1.0
2229,0,43156375,1.0
2230,0,43156375,1.0
2231,0,43156375,1.0
2232,0,43156375,1.0
2233,0,43156375,1.0
2234,0,43156375,1.0
2235,0,43156375,1.0
2236,0,43156375,1.0
2237,0,43156375,1.0
2238,0,43156375,1.0
2239,0,43156375,1.0
2240,0,43156375,1.0
2241,0,43156375,1.0
2242,0,43156375,1.0
2243,0,43156375,1.0
2244,0,43156375,1.0
2245,0,43156375,1.0
2246,0,43156375,1.0
2247,0,43156375,1.0
2248,0,43156375,1.0
2249,0,43156375,1.0
2250,0,43156375,1.0
2251,0,43156375,1.0
2252,0,43156375,1.0
2253,0,43156375,1.0
2254,0,43156375,1.0
2255,0,43156375,1.0
2256,0,43156375,1.0
2257,0,43156375,1.0
2258,0,43156375,1.0
2259,0,43156375,1.0
2260,0,43156375,1.0
2261,0,43156375,1.0
2262,0,43156375,1.0
2263,0,43156375,1.0
2264,0,43156375,1.0
2265,0,43156375,1.0
2266,0,43156375,1.0
2267,0,43156375,1.0
2268,0,43156375,1.0
2269,0,43156375,1.0
2270,0,43156375,1.0
2271,0,43156375,1.0
2272,0,43156375,1.0
2273,0,43156375,1.0
2274,0,43156375,1.0
2275,0,43156375,1.0
2276,0,43156375,1.0
2277,0,43156375,1.0
2278,0,43156375,1.0
2279,0,43156375,1.0
2280,0,43156375,1.0
2281,0,43156375,1.0
2282,0,43156375,1.0
2283,0,43156375,1.0
2284,0,43156375,1.0
2285,0,43156375,1.0
2286,0,43156375,1.0
2287,0,43156375,1.0
2288,0,43156375,1.0
2289,0,43156375,1.0
2290,0,43156375,1.0
2291,0,43156375,1.0
2292,0,43156375,1.0
2293,0,43156375,1.0
2294,0,43156375,1.0
2295,0,43156375,1.0
2296,0,43156375,1.0
2297,0,43156375,1.0
2298,0,43156375,1.0
2299,0,43156375,1.0
2300,0,43156375,1.0
2301,0,43156375,1.0
2302,0,43156375,1.0
2303,0,43156375,1.0
2304,0,43156375,1.0
2305,0,43156375,1.0
2306,0,43156375,1.0
2307,0,43156375,1.0
2308,0,43156375,1.0
2309,0,43156375,1.0
2310,0,43156375,1.0
2311,0,43156375,1.0
2312,0,43156375,1.0
2313,0,43156375,1.0
2314,0,43156375,1.0
2315,0,43156375,1.0
2316,0,43156375,1.0
2317,0,43156375,1.0
2318,0,43156375,1.0
2319,0,43156375,1.0
2320,1,43156376,1.0
2321,0,43156376,1.0
2322,0,43156376,1.0
2323,0,43156376,1.0
2324,0,43156376,1.0
2325,0,43156376,1.0
2326,0,43156376,1.0
2327,0,43156376,1.0
2328,0,43156376,1.0
2329,0,43156376,1.0
2330,0,43156376,1.0
2331,0,43156376,1.0
2332,0,43156376,1.0
2333,0,43156376,1.0
2334,0,43156376,1.0
2335,0,43156376,1.0
2336,0,43156376,1.0
2337,0,43156376,1.0
2338,0,43156376,1.0
2339,0,43156376,1.0
2340,0,43156376,1.0
2341,0,43156376,1.0
2342,0,43156376,1.0
2343,0,43156376,1.0
2344,0,43156376,1.0
2345,0,43156376,1.0
2346,0,43156376,1.0
2347,0,43156376,1.0
2348,0,43156376,1.0
2349,0,43156376,1.0
2350,0,43156376,1.0
2351,0,43156376,1.0
2352,0,43156376,1.0
2353,0,43156376,1.0
2354,1,43156377,1.0
2355,0,43156377,1.0
2356,0,43156377,1.0
2357,0,43156377,1.0
2358,0,43156377,1.0
2359,0,43156377,1.0
2360,0,43156377,1.0
2361,0,43156377,1.0
2362,0,43156377,1.0
2363,0,43156377,1.0
2364,0,43156377,1.0
2365,0,43156377,1.0
2366,0,43156377,1.0
2367,0,43156377,1.0
2368,0,43156377,1.0
2369,0,43156377,1.0
2370,0,43156377,1.0
2371,0,43156377,1.0
2372,0,43156377,1.0
2373,0,43156377,1.0
2374,0,43156377,1.0
2375,0,43156377,1.0
2376,0,43156377,1.0
2377,0,43156377,1.0
2378,0,43156377,1.0
2379,0,43156377,1.0
2380,0,43156377,1.0
2381,0,43156377,1.0
2382,0,43156377,1.0
2383,0,43156377,1.0
2384,0,43156377,1.0
2385,0,43156377,1.0
2386,0,43156377,1.0
2387,0,43156377,1.0
2388,0,43156377,1.0
2389,0,43156377,1.0
2390,0,43156377,1.0
2391,0,43156377,1.0
2392,0,43156377,1.0
2393,0,43156377,1.0
2394,0,43156377,1.0
2395,0,43156377,1.0
2396,1,43156378,1.0
2397,0,43156378,1.0
2398,0,43156378,1.0
2399,0,43156378,1.0
2400,0,43156378,1.0
2401,0,43156378,1.0
2402,0,43156378,1.0
2403,0,43156378,1.0
2404,0,43156378,1.0
2405,0,43156378,1.0
2406,0,43156378,1.0
2407,0,43156378,1.0
2408,0,43156378,1.0
2409,0,43156378,1.0
2410,0,43156378,1.0
2411,0,43156378,1.0
2412,0,43156378,1.0
2413,0,43156378,1.0
2414,0,43156378,1.0
2415,0,43156378,1.0
2416,0,43156378,1.0
2417,0,43156378,1.0
2418,0,43156378,1.0
2419,0,43156378,1.0
2420,0,43156378,1.0
2421,0,43156378,1.0
2422,0,43156378,1.0
2423,0,43156378,1.0
2424,0,43156378,1.0
2425,0,43156378,1.0
2426,0,43156378,1.0
2427,0,43156378,1.0
2428,0,43156378,1.0
2429,0,43156378,1.0
2430,0,43156378,1.0
2431,0,43156378,1.0
2432,0,43156378,1.0
2433,0,43156378,1.0
2434,0,43156378,1.0
2435,0,43156378,1.0
2436,0,43156378,1.0
2437,0,43156378,1.0
2438,0,43156378,1.0
2439,0,43156378,1.0
2440,0,43156378,1.0
2441,0,43156378,1.0
2442,0,43156378,1.0
2443,0,43156378,1.0
2444,0,43156378,1.0
2445,0,43156378,1.0
2446,0,43156378,1.0
2447,0,43156378,1.0
2448,0,43156378,1.0
2449,0,43156378,1.0
2450,0,43156378,1.0
2451,0,43156378,1.0
2452,0,43156378,1.0
2453,0,43156378,1.0
2454,1,43156379,1.0
2455,0,43156379,1.0
2456,0,43156379,1.0
2457,0,43156379,1.0
2458,0,43156379,1.0
2459,0,43156379,1.0
2460,0,43156379,1.0
2461,0,43156379,1.0
2462,0,43156379,1.0
2463,0,43156379,1.0
2464,0,43156379,1.0
2465,1,43156380,1.0
2466,0,43156380,1.0
2467,0,43156380,1.0
2468,0,43156380,1.0
2469,0,43156380,1.0
2470,0,43156380,1.0
2471,0,43156380,1.0
2472,0,43156380,1.0
2473,0,43156380,1.0
2474,0,43156380,1.0
2475,0,43156380,1.0
2476,0,43156380,1.0
2477,0,43156380,1.0
2478,0,43156380,1.0
2479,0,43156380,1.0
2480,0,43156380,1.0
2481,0,43156380,1.0
2482,0,43156380,1.0
2483,0,43156380,1.0
2484,0,43156380,1.0
2485,0,43156380,1.0
2486,0,43156380,1.0
2487,0,43156380,1.0
2488,0,43156380,1.0
2489,0,43156380,1.0
2490,0,43156380,1.0
2491,0,43156380,1.0
2492,0,43156380,1.0
2493,0,43156380,1.0
2494,0,43156380,1.0
2495,0,43156380,1.0
2496,0,43156380,1.0
2497,0,43156380,1.0
2498,0,43156380,1.0
2499,0,43156380,1.0
2500,0,43156380,1.0
2501,0,43156380,1.0
2502,0,43156380,1.0
2503,0,43156380,1.0
2504,0,43156380,1.0
2505,0,43156380,1.0
2506,0,43156380,1.0
2507,0,43156380,1.0
2508,0,43156380,1.0
2509,0,43156380,1.0
2510,0,43156380,1.0
2511,0,43156380,1.0
2512,0,43156380,1.0
2513,0,43156380,1.0
2514,0,43156380,1.0
2515,0,43156380,1.0
2516,0,43156380,1.0
2517,0,43156380,1.0
2518,0,43156380,1.0
2519,0,43156380,1.0
2520,0,43156380,1.0
2521,0,43156380,1.0
2522,0,43156380,1.0
2523,0,43156380,1.0
2524,0,43156380,1.0
2525,0,43156380,1.0
2526,0,43156380,1.0
2527,0,43156380,1.0
2528,0,43156380,1.0
2529,0,43156380,1.0
2530,0,43156380,1.0
2531,0,43156380,1.0
2532,0,43156380,1.0
2533,0,43156380,1.0
2534,0,43156380,1.0
2535,0,43156380,1.0
2536,0,43156380,1.0
2537,0,43156380,1.0
2538,0,43156380,1.0
2539,0,43156380,1.0
2540,0,43156380,1.0
2541,0,43156380,1.0
2542,0,43156380,1.0
2543,1,43156381,1.0
2544,0,43156381,1.0
2545,0,43156381,1.0
2546,0,43156381,1.0
2547,0,43156381,1.0
2548,0,43156381,1.0
2549,0,43156381,1.0
2550,0,43156381,1.0
2551,0,43156381,1.0
2552,1,43156382,1.0
2553,0,43156382,1.0
2554,0,43156382,1.0
2555,0,43156382,1.0
2556,0,43156382,1.0
2557,0,43156382,1.0
2558,0,43156382,1.0
2559,0,43156382,1.0
2560,0,43156382,1.0
2561,0,43156382,1.0
2562,0,43156382,1.0
2563,0,43156382,1.0
2564,0,43156382,1.0
2565,0,43156382,1.0
2566,0,43156382,1.0
2567,0,43156382,1.0
2568,0,43156382,1.0
2569,0,43156382,1.0
2570,0,43156382,1.0
2571,0,43156382,1.0
2572,0,43156382,1.0
2573,0,43156382,1.0
2574,0,43156382,1.0
2575,0,43156382,1.0
2576,0,43156382,1.0
2577,0,43156382,1.0
2578,0,43156382,1.0
2579,0,43156382,1.0
2580,0,43156382,1.0
2581,0,43156382,1.0
2582,0,43156382,1.0
2583,0,43156382,1.0
2584,0,43156382,1.0
2585,0,43156382,1.0
2586,0,43156382,1.0
2587,0,43156382,1.0
2588,0,43156382,1.0
2589,0,43156382,1.0
2590,0,43156382,1.0
2591,0,43156382,1.0
2592,0,43156382,1.0
2593,0,43156382,1.0
2594,0,43156382,1.0
2595,0,43156382,1.0
2596,0,43156382,1.0
2597,0,43156382,1.0
2598,0,43156382,1.0
2599,0,43156382,1.0
2600,0,43156382,1.0
2601,0,43156382,1.0
2602,0,43156382,1.0
2603,0,43156382,1.0
2604,0,43156382,1.0
2605,0,43156382,1.0
2606,0,43156382,1.0
2607,0,43156382,1.0
2608,0,43156382,1.0
2609,0,43156382,1.0
2610,0,43156382,1.0
2611,0,43156382,1.0
2612,0,43156382,1.0
2613,0,43156382,1.0
2614,0,43156382,1.0
2615,0,43156382,1.0
2616,0,43156382,1.0
2617,0,43156382,1.0
2618,0,43156382,1.0
2619,0,43156382,1.0
2620,0,43156382,1.0
2621,0,43156382,1.0
2622,0,43156382,1.0
2623,0,43156382,1.0
2624,0,43156382,1.0
2625,0,43156382,1.0
2626,0,43156382,1.0
2627,0,43156382,1.0
2628,0,43156382,1.0
2629,0,43156382,1.0
2630,0,43156382,1.0
2631,0,43156382,1.0
2632,0,43156382,1.0
2633,0,43156382,1.0
2634,0,43156382,1.0
2635,0,43156382,1.0
2636,0,43156382,1.0
2637,0,43156382,1.0
2638,0,43156382,1.0
2639,0,43156382,1.0
2640,0,43156382,1.0
2641,0,43156382,1.0
2642,0,43156382,1.0
2643,0,43156382,1.0
2644,0,43156382,1.0
2645,0,43156382,1.0
2646,0,43156382,1.0
2647,0,43156382,1.0
2648,0,43156382,1.0
2649,0,43156382,1.0
2650,0,43156382,1.0
2651,0,43156382,1.0
2652,0,43156382,1.0
2653,0,43156382,1.0
2654,0,43156382,1.0
2655,0,43156382,1.0
2656,0,43156382,1.0
2657,0,43156382,1.0
2658,0,43156382,1.0
2659,0,43156382,1.0
2660,0,43156382,1.0
2661,0,43156382,1.0
2662,0,43156382,1.0
2663,0,43156382,1.0
2664,0,43156382,1.0
2665,0,43156382,1.0
2666,0,43156382,1.0
2667,0,43156382,1.0
2668,0,43156382,1.0
2669,0,43156382,1.0
2670,0,43156382,1.0
2671,0,43156382,1.0
2672,0,43156382,1.0
2673,0,43156382,1.0
2674,0,43156382,1.0
2675,0,43156382,1.0
2676,0,43156382,1.0
2677,0,43156382,1.0
2678,0,43156382,1.0
2679,0,43156382,1.0
2680,0,43156382,1.0
2681,0,43156382,1.0
2682,0,43156382,1.0
2683,0,43156382,1.0
2684,0,43156382,1.0
2685,0,43156382,1.0
2686,0,43156382,1.0
2687,0,43156382,1.0
2688,0,43156382,1.0
2689,0,43156382,1.0
2690,0,43156382,1.0
2691,0,43156382,1.0
2692,0,43156382,1.0
2693,0,43156382,1.0
2694,0,43156382,1.0
2695,0,43156382,1.0
2696,0,43156382,1.0
2697,0,43156382,1.0
2698,0,43156382,1.0
2699,0,43156382,1.0
2700,0,43156382,1.0
2701,0,43156382,1.0
2702,0,43156382,1.0
2703,0,43156382,1.0
2704,0,43156382,1.0
2705,0,43156382,1.0
2706,0,43156382,1.0
2707,0,43156382,1.0
2708,0,43156382,1.0
2709,0,43156382,1.0
2710,0,43156382,1.0
2711,0,43156382,1.0
2712,0,43156382,1.0
2713,0,43156382,1.0
2714,0,43156382,1.0
2715,0,43156382,1.0
2716,0,43156382,1.0
2717,0,43156382,1.0
2718,0,43156382,1.0
2719,0,43156382,1.0
2720,0,43156382,1.0
2721,0,43156382,1.0
2722,0,43156382,1.0
2723,0,43156382,1.0
2724,0,43156382,1.0
2725,0,43156382,1.0
2726,0,43156382,1.0
2727,0,43156382,1.0
2728,0,43156382,1.0
2729,0,43156382,1.0
2730,0,43156382,1.0
2731,0,43156382,1.0
2732,0,43156382,1.0
2733,0,43156382,1.0
2734,0,43156382,1.0
2735,0,43156382,1.0
2736,0,43156382,1.0
2737,0,43156382,1.0
2738,0,43156382,1.0
2739,0,43156382,1.0
2740,0,43156382,1.0
2741,0,43156382,1.0
2742,0,43156382,1.0
2743,0,43156382,1.0
2744,0,43156382,1.0
2745,0,43156382,1.0
2746,0,43156382,1.0
2747,0,43156382,1.0
2748,0,43156382,1.0
2749,0,43156382,1.0
2750,0,43156382,1.0
2751,0,43156382,1.0
2752,0,43156382,1.0
2753,0,43156382,1.0
2754,0,43156382,1.0
2755,0,43156382,1.0
2756,0,43156382,1.0
2757,0,43156382,1.0
2758,0,43156382,1.0
2759,0,43156382,1.0
2760,0,43156382,1.0
2761,0,43156382,1.0
2762,0,43156382,1.0
2763,0,43156382,1.0
2764,0,43156382,1.0
2765,0,43156382,1.0
2766,0,43156382,1.0
2767,0,43156382,1.0
2768,0,43156382,1.0
2769,0,43156382,1.0
2770,0,43156382,1.0
2771,0,43156382,1.0
2772,0,43156382,1.0
2773,0,43156382,1.0
2774,0,43156382,1.0
2775,0,43156382,1.0
2776,0,43156382,1.0
2777,0,43156382,1.0
2778,0,43156382,1.0
2779,0,43156382,1.0
2780,0,43156382,1.0
2781,0,43156382,1.0
2782,0,43156382,1.0
2783,0,43156382,1.0
2784,0,43156382,1.0
2785,0,43156382,1.0
2786,0,43156382,1.0
2787,0,43156382,1.0
2788,0,43156382,1.0
2789,0,43156382,1.0
2790,0,43156382,1.0
2791,0,43156382,1.0
2792,0,43156382,1.0
2793,0,43156382,1.0
2794,0,43156382,1.0
2795,0,43156382,1.0
2796,0,43156382,1.0
2797,0,43156382,1.0
2798,0,43156382,1.0
2799,0,43156382,1.0
2800,0,43156382,1.0
2801,0,43156382,1.0
2802,0,43156382,1.0
2803,0,43156382,1.0
2804,0,43156382,1.0
2805,0,43156382,1.0
2806,0,43156382,1.0
2807,0,43156382,1.0
2808,0,43156382,1.0
2809,0,43156382,1.0
2810,0,43156382,1.0
2811,0,43156382,1.0
2812,0,43156382,1.0
2813,0,43156382,1.0
2814,0,43156382,1.0
2815,0,43156382,1.0
2816,0,43156382,1.0
2817,0,43156382,1.0
2818,0,43156382,1.0
2819,0,43156382,1.0
2820,0,43156382,1.0
2821,0,43156382,1.0
2822,0,43156382,1.0
2823,0,43156382,1.0
2824,0,43156382,1.0
2825,0,43156382,1.0
2826,0,43156382,1.0
2827,0,43156382,1.0
2828,0,43156382,1.0
2829,0,43156382,1.0
2830,0,43156382,1.0
2831,0,43156382,1.0
2832,0,43156382,1.0
2833,0,43156382,1.0
2834,0,43156382,1.0
2835,0,43156382,1.0
2836,0,43156382,1.0
2837,0,43156382,1.0
2838,0,43156382,1.0
2839,0,43156382,1.0
2840,0,43156382,1.0
2841,0,43156382,1.0
2842,0,43156382,1.0
2843,0,43156382,1.0
2844,0,43156382,1.0
2845,0,43156382,1.0
2846,0,43156382,1.0
2847,0,43156382,1.0
2848,0,43156382,1.0
2849,0,43156382,1.0
2850,0,43156382,1.0
2851,0,43156382,1.0
2852,0,43156382,1.0
2853,0,43156382,1.0
2854,0,43156382,1.0
2855,0,43156382,1.0
2856,0,43156382,1.0
2857,0,43156382,1.0
2858,0,43156382,1.0
2859,0,43156382,1.0
2860,0,43156382,1.0
2861,0,43156382,1.0
2862,0,43156382,1.0
2863,0,43156382,1.0
2864,0,43156382,1.0
2865,0,43156382,1.0
2866,0,43156382,1.0
2867,0,43156382,1.0
2868,0,43156382,1.0
2869,0,43156382,1.0
2870,0,43156382,1.0
2871,0,43156382,1.0
2872,0,43156382,1.0
2873,0,43156382,1.0
2874,0,43156382,1.0
2875,0,43156382,1.0
2876,0,43156382,1.0
2877,0,43156382,1.0
2878,0,43156382,1.0
2879,0,43156382,1.0
2880,0,43156382,1.0
2881,0,43156382,1.0
2882,0,43156382,1.0
2883,0,43156382,1.0
2884,0,43156382,1.0
2885,0,43156382,1.0
2886,0,43156382,1.0
2887,0,43156382,1.0
2888,0,43156382,1.0
2889,0,43156382,1.0
2890,0,43156382,1.0
2891,0,43156382,1.0
2892,0,43156382,1.0
2893,0,43156382,1.0
2894,0,43156382,1.0
2895,0,43156382,1.0
2896,0,43156382,1.0
2897,0,43156382,1.0
2898,0,43156382,1.0
2899,0,43156382,1.0
2900,0,43156382,1.0
2901,0,43156382,1.0
2902,0,43156382,1.0
2903,0,43156382,1.0
2904,0,43156382,1.0
2905,0,43156382,1.0
2906,0,43156382,1.0
2907,0,43156382,1.0
2908,0,43156382,1.0
2909,0,43156382,1.0
2910,0,43156382,1.0
2911,0,43156382,1.0
2912,0,43156382,1.0
2913,0,43156382,1.0
2914,0,43156382,1.0
2915,0,43156382,1.0
2916,0,43156382,1.0
2917,0,43156382,1.0
2918,0,43156382,1.0
2919,0,43156382,1.0
2920,0,43156382,1.0
2921,0,43156382,1.0
2922,0,43156382,1.0
2923,0,43156382,1.0
2924,0,43156382,1.0
2925,0,43156382,1.0
2926,0,43156382,1.0
2927,0,43156382,1.0
2928,0,43156382,1.0
2929,0,43156382,1.0
2930,0,43156382,1.0
2931,0,43156382,1.0
2932,0,43156382,1.0
2933,0,43156382,1.0
2934,0,43156382,1.0
2935,0,43156382,1.0
2936,0,43156382,1.0
2937,0,43156382,1.0
2938,0,43156382,1.0
2939,0,43156382,1.0
2940,0,43156382,1.0
2941,0,43156382,1.0
2942,0,43156382,1.0
2943,0,43156382,1.0
2944,0,43156382,1.0
2945,0,43156382,1.0
2946,0,43156382,1.0
2947,0,43156382,1.0
2948,0,43156382,1.0
2949,0,43156382,1.0
2950,0,43156382,1.0
2951,0,43156382,1.0
2952,0,43156382,1.0
2953,0,43156382,1.0
2954,0,43156382,1.0
2955,0,43156382,1.0
2956,0,43156382,1.0
2957,0,43156382,1.0
2958,0,43156382,1.0
2959,0,43156382,1.0
2960,0,43156382,1.0
2961,0,43156382,1.0
2962,0,43156382,1.0
2963,0,43156382,1.0
2964,0,43156382,1.0
2965,0,43156382,1.0
2966,0,43156382,1.0
2967,0,43156382,1.0
2968,0,43156382,1.0
2969,0,43156382,1.0
2970,0,43156382,1.0
2971,0,43156382,1.0
2972,0,43156382,1.0
2973,0,43156382,1.0
2974,0,43156382,1.0
2975,0,43156382,1.0
2976,0,43156382,1.0
2977,0,43156382,1.0
2978,0,43156382,1.0
2979,0,43156382,1.0
2980,0,43156382,1.0
2981,0,43156382,1.0
2982,0,43156382,1.0
2983,0,43156382,1.0
2984,0,43156382,1.0
2985,0,43156382,1.0
2986,0,43156382,1.0
2987,0,43156382,1.0
2988,0,43156382,1.0
2989,0,43156382,1.0
2990,0,43156382,1.0
2991,0,43156382,1.0
2992,0,43156382,1.0
2993,0,43156382,1.0
2994,0,43156382,1.0
2995,0,43156382,1.0
2996,0,43156382,1.0
2997,0,43156382,1.0
2998,0,43156382,1.0
2999,0,43156382,1.0
3000,0,43156382,1.0
3001,0,43156382,1.0
3002,0,43156382,1.0
3003,0,43156382,1.0
3004,0,43156382,1.0
3005,0,43156382,1.0
3006,0,43156382,1.0
3007,0,43156382,1.0
3008,0,43156382,1.0
3009,0,43156382,1.0
3010,0,43156382,1.0
3011,0,43156382,1.0
3012,0,43156382,1.0
3013,0,43156382,1.0
3014,0,43156382,1.0
3015,0,43156382,1.0
3016,0,43156382,1.0
3017,0,43156382,1.0
3018,0,43156382,1.0
3019,0,43156382,1.0
3020,0,43156382,1.0
3021,0,43156382,1.0
3022,0,43156382,1.0
3023,0,43156382,1.0
3024,0,43156382,1.0
3025,0,43156382,1.0
3026,0,43156382,1.0
3027,0,43156382,1.0
3028,0,43156382,1.0
3029,0,43156382,1.0
3030,0,43156382,1.0
3031,0,43156382,1.0
3032,0,43156382,1.0
3033,0,43156382,1.0
3034,0,43156382,1.0
3035,0,43156382,1.0
3036,0,43156382,1.0
3037,0,43156382,1.0
3038,0,43156382,1.0
3039,0,43156382,1.0
3040,0,43156382,1.0
3041,0,43156382,1.0
3042,0,43156382,1.0
3043,0,43156382,1.0
3044,0,43156382,1.0
3045,0,43156382,1.0
3046,0,43156382,1.0
3047,0,43156382,1.0
3048,0,43156382,1.0
3049,0,43156382,1.0
3050,0,43156382,1.0
3051,0,43156382,1.0
3052,0,43156382,1.0
3053,0,43156382,1.0
3054,0,43156382,1.0
3055,0,43156382,1.0
3056,0,43156382,1.0
3057,0,43156382,1.0
3058,0,43156382,1.0
3059,0,43156382,1.0
3060,0,43156382,1.0
3061,0,43156382,1.0
3062,0,43156382,1.0
3063,0,43156382,1.0
3064,0,43156382,1.0
3065,0,43156382,1.0
3066,0,43156382,1.0
3067,0,43156382,1.0
3068,0,43156382,1.0
3069,0,43156382,1.0
3070,0,43156382,1.0
3071,0,43156382,1.0
3072,0,43156382,1.0
3073,0,43156382,1.0
3074,0,43156382,1.0
3075,0,43156382,1.0
3076,0,43156382,1.0
3077,0,43156382,1.0
3078,0,43156382,1.0
3079,0,43156382,1.0
3080,0,43156382,1.0
3081,0,43156382,1.0
3082,0,43156382,1.0
3083,0,43156382,1.0
3084,0,43156382,1.0
3085,0,43156382,1.0
3086,0,43156382,1.0
3087,0,43156382,1.0
3088,0,43156382,1.0
3089,0,43156382,1.0
3090,0,43156382,1.0
3091,0,43156382,1.0
3092,0,43156382,1.0
3093,0,43156382,1.0
3094,0,43156382,1.0
3095,0,43156382,1.0
3096,0,43156382,1.0
3097,0,43156382,1.0
3098,0,43156382,1.0
3099,0,43156382,1.0
3100,0,43156382,1.0
3101,0,43156382,1.0
3102,0,43156382,1.0
3103,0,43156382,1.0
3104,0,43156382,1.0
3105,0,43156382,1.0
3106,0,43156382,1.0
3107,0,43156382,1.0
3108,0,43156382,1.0
3109,0,43156382,1.0
3110,0,43156382,1.0
3111,0,43156382,1.0
3112,0,43156382,1.0
3113,0,43156382,1.0
3114,0,43156382,1.0
3115,0,43156382,1.0
3116,0,43156382,1.0
3117,0,43156382,1.0
3118,0,43156382,1.0
3119,0,43156382,1.0
3120,0,43156382,1.0
3121,0,43156382,1.0
3122,0,43156382,1.0
3123,0,43156382,1.0
3124,0,43156382,1.0
3125,0,43156382,1.0
3126,0,43156382,1.0
3127,0,43156382,1.0
3128,0,43156382,1.0
3129,0,43156382,1.0
3130,0,43156382,1.0
3131,0,43156382,1.0
3132,0,43156382,1.0
3133,0,43156382,1.0
3134,0,43156382,1.0
3135,0,43156382,1.0
3136,0,43156382,1.0
3137,0,43156382,1.0
3138,0,43156382,1.0
3139,0,43156382,1.0
3140,0,43156382,1.0
3141,0,43156382,1.0
3142,0,43156382,1.0
3143,0,43156382,1.0
3144,0,43156382,1.0
3145,0,43156382,1.0
3146,0,43156382,1.0
3147,0,43156382,1.0
3148,0,43156382,1.0
3149,0,43156382,1.0
3150,0,43156382,1.0
3151,0,43156382,1.0
3152,0,43156382,1.0
3153,0,43156382,1.0
3154,0,43156382,1.0
3155,0,43156382,1.0
3156,0,43156382,1.0
3157,0,43156382,1.0
3158,0,43156382,1.0
3159,0,43156382,1.0
3160,0,43156382,1.0
3161,0,43156382,1.0
3162,0,43156382,1.0
3163,0,43156382,1.0
3164,0,43156382,1.0
3165,0,43156382,1.0
3166,0,43156382,1.0
3167,0,43156382,1.0
3168,0,43156382,1.0
3169,0,43156382,1.0
3170,0,43156382,1.0
3171,0,43156382,1.0
3172,0,43156382,1.0
3173,0,43156382,1.0
3174,0,43156382,1.0
3175,0,43156382,1.0
3176,0,43156382,1.0
3177,0,43156382,1.0
3178,0,43156382,1.0
3179,0,43156382,1.0
3180,0,43156382,1.0
3181,0,43156382,1.0
3182,0,43156382,1.0
3183,0,43156382,1.0
3184,0,43156382,1.0
3185,0,43156382,1.0
3186,0,43156382,1.0
3187,0,43156382,1.0
3188,0,43156382,1.0
3189,0,43156382,1.0
3190,0,43156382,1.0
3191,0,43156382,1.0
3192,0,43156382,1.0
3193,0,43156382,1.0
3194,0,43156382,1.0
3195,0,43156382,1.0
3196,0,43156382,1.0
3197,0,43156382,1.0
3198,0,43156382,1.0
3199,0,43156382,1.0
3200,0,43156382,1.0
3201,0,43156382,1.0
3202,0,43156382,1.0
3203,0,43156382,1.0
3204,0,43156382,1.0
3205,0,43156382,1.0
3206,0,43156382,1.0
3207,0,43156382,1.0
3208,0,43156382,1.0
3209,0,43156382,1.0
3210,0,43156382,1.0
3211,0,43156382,1.0
3212,0,43156382,1.0
3213,0,43156382,1.0
3214,0,43156382,1.0
3215,0,43156382,1.0
3216,0,43156382,1.0
3217,0,43156382,1.0
3218,0,43156382,1.0
3219,0,43156382,1.0
3220,0,43156382,1.0
3221,0,43156382,1.0
3222,0,43156382,1.0
3223,0,43156382,1.0
3224,0,43156382,1.0
3225,0,43156382,1.0
3226,0,43156382,1.0
3227,0,43156382,1.0
3228,0,43156382,1.0
3229,0,43156382,1.0
3230,0,43156382,1.0
3231,0,43156382,1.0
3232,0,43156382,1.0
3233,0,43156382,1.0
3234,0,43156382,1.0
3235,0,43156382,1.0
3236,0,43156382,1.0
3237,0,43156382,1.0
3238,0,43156382,1.0
3239,0,43156382,1.0
3240,0,43156382,1.0
3241,0,43156382,1.0
3242,0,43156382,1.0
3243,0,43156382,1.0
3244,0,43156382,1.0
3245,0,43156382,1.0
3246,0,43156382,1.0
3247,0,43156382,1.0
3248,0,43156382,1.0
3249,0,43156382,1.0
3250,0,43156382,1.0
3251,0,43156382,1.0
3252,0,43156382,1.0
3253,0,43156382,1.0
3254,0,43156382,1.0
3255,0,43156382,1.0
3256,0,43156382,1.0
3257,0,43156382,1.0
3258,0,43156382,1.0
3259,0,43156382,1.0
3260,0,43156382,1.0
3261,0,43156382,1.0
3262,0,43156382,1.0
3263,0,43156382,1.0
3264,0,43156382,1.0
3265,0,43156382,1.0
3266,0,43156382,1.0
3267,0,43156382,1.0
3268,1,43156383,1.0
