1 68512896
2 1233005
3 159701
4 48000
5 26993
6 23040
7 27068
8 38233
9 51963
10 73286
11 101396
12 132954
13 168204
14 206688
15 243027
16 274030
17 297891
18 309217
19 313655
20 309099
21 293174
22 274020
23 247632
24 221096
25 190509
26 161302
27 133275
28 108639
29 87193
30 69177
31 54146
32 41624
33 31334
34 24370
35 17746
36 13433
37 9935
38 7247
39 5009
40 3677
41 2837
42 2408
43 1717
44 1320
45 1161
46 1001
47 904
48 830
49 749
50 716
51 658
52 568
53 517
54 459
55 563
56 435
57 441
58 436
59 437
60 437
61 459
62 395
63 379
64 341
65 355
66 302
67 386
68 333
69 292
70 285
71 301
72 274
73 245
74 270
75 285
76 253
77 233
78 224
79 219
80 225
81 192
82 164
83 171
84 166
85 148
86 158
87 143
88 117
89 116
90 119
91 98
92 86
93 91
94 74
95 106
96 95
97 97
98 104
99 113
100 114
101 127
102 124
103 110
104 120
105 130
106 142
107 100
108 123
109 98
110 93
111 85
112 93
113 86
114 105
115 106
116 121
117 112
118 121
119 118
120 110
121 94
122 86
123 85
124 98
125 84
126 85
127 71
128 111
129 83
130 122
131 113
132 110
133 114
134 105
135 126
136 135
137 104
138 130
139 113
140 131
141 111
142 119
143 147
144 164
145 158
146 142
147 164
148 168
149 165
150 163
151 169
152 198
153 164
154 139
155 132
156 118
157 108
158 106
159 69
160 61
161 64
162 73
163 63
164 75
165 77
166 81
167 81
168 82
169 107
170 84
171 90
172 91
173 105
174 65
175 63
176 59
177 67
178 55
179 51
180 61
181 47
182 72
183 72
184 69
185 54
186 52
187 59
188 64
189 49
190 55
191 48
192 32
193 48
194 43
195 32
196 36
197 30
198 24
199 25
200 27
201 17
202 37
203 24
204 23
205 30
206 31
207 21
208 22
209 30
210 28
211 30
212 30
213 28
214 37
215 30
216 32
217 25
218 35
219 40
220 36
221 35
222 30
223 27
224 21
225 29
226 23
227 29
228 17
229 16
230 18
231 15
232 21
233 20
234 21
235 11
236 17
237 4
238 12
239 12
240 11
241 11
242 10
243 12
244 13
245 6
246 8
247 5
248 7
249 5
250 10
251 10
252 10
253 10
254 11
255 12
256 7
257 9
258 11
259 5
260 12
261 7
262 8
263 10
264 9
265 6
266 4
267 3
268 4
269 9
270 6
271 7
272 8
273 9
274 8
275 10
276 5
277 4
278 6
279 9
280 6
281 6
282 6
283 4
284 5
285 10
286 11
287 2
288 5
289 7
290 7
291 6
292 6
293 9
294 12
295 12
296 6
297 8
298 4
299 5
300 13
301 10
302 6
303 11
304 6
305 6
306 12
307 5
308 2
309 9
310 5
311 10
312 10
313 9
314 9
315 5
316 9
317 4
318 4
319 3
320 3
321 1
322 2
323 1
324 1
325 4
326 6
327 5
328 3
329 7
330 4
331 4
332 3
333 2
334 3
335 2
336 4
337 5
338 1
339 4
340 3
341 1
342 6
343 2
344 3
345 6
346 6
347 2
348 4
349 2
350 4
351 1
353 1
354 1
355 3
357 4
359 1
360 1
362 1
363 2
364 1
365 3
367 4
368 2
369 5
370 1
371 1
373 1
374 1
375 4
376 1
377 4
378 1
379 2
381 1
382 1
383 2
384 1
385 4
386 2
387 1
388 2
389 4
390 1
392 2
393 3
394 2
397 1
399 1
400 1
401 2
402 2
405 1
406 1
407 1
412 3
413 1
414 2
415 1
416 3
417 2
419 3
420 4
421 1
422 3
423 1
424 1
425 6
427 3
428 2
431 2
433 1
436 2
438 2
439 3
440 2
441 1
443 1
444 1
445 2
446 2
448 2
449 2
450 4
451 1
452 1
453 1
455 1
456 1
457 1
459 1
460 1
461 1
462 1
463 3
464 2
467 1
468 1
469 3
472 2
473 2
475 1
477 2
478 1
481 1
486 1
487 1
492 1
493 2
494 1
496 2
503 1
506 1
509 1
514 1
517 1
518 1
522 1
528 2
529 2
530 1
531 1
533 1
535 1
537 1
543 1
546 2
548 2
554 1
556 2
557 1
559 2
560 1
561 2
563 2
564 1
566 3
567 1
568 1
570 1
573 1
578 1
580 2
582 1
583 1
584 1
589 2
592 2
600 1
603 1
604 1
607 1
608 1
610 1
611 1
613 1
616 2
618 1
619 1
620 1
622 1
624 1
625 1
627 1
636 2
641 1
643 1
644 1
645 1
652 1
656 1
662 1
665 1
669 1
671 2
672 1
676 1
682 3
685 2
686 2
687 1
698 1
700 2
702 1
706 1
707 1
715 1
716 1
722 1
724 1
725 1
727 1
730 2
731 1
736 1
737 2
739 1
744 1
745 3
746 1
747 1
753 1
755 1
756 1
758 1
759 1
763 2
769 1
776 1
783 1
789 1
791 1
792 2
795 1
802 1
808 1
811 1
812 1
816 1
818 1
819 1
826 1
827 1
834 1
851 1
858 1
863 1
873 1
874 1
876 1
880 1
882 1
885 1
887 1
892 1
894 1
900 1
903 1
905 1
913 1
921 1
924 1
926 1
927 3
928 1
932 1
934 1
943 1
946 1
947 1
950 1
952 1
954 1
968 1
969 2
971 1
992 1
993 1
1019 1
1030 1
1033 1
1038 1
1057 1
1058 1
1060 1
1066 1
1069 1
1082 1
1115 1
1121 1
1123 1
1124 1
1133 1
1140 1
1145 1
1167 1
1174 1
1186 1
1205 1
1220 1
1232 1
1233 1
1250 1
1258 1
1264 1
1269 1
1278 1
1283 1
1289 1
1290 1
1324 1
1328 1
1330 1
1340 1
1345 2
1361 1
1391 1
1402 1
1407 1
1408 1
1437 1
1450 1
1469 1
1483 1
1501 1
1506 1
1511 1
1514 1
1520 1
1534 1
1570 1
1580 1
1588 1
1605 1
1621 1
1623 1
1634 1
1635 1
1640 1
1662 1
1742 1
1746 1
1767 1
1813 1
1820 1
1828 1
1836 1
1890 1
1902 1
1924 1
1973 1
2037 1
2293 1
2345 1
2369 1
2534 1
2705 1
3355 1
4057 1
19707 1
