1 1258241
2 79699
3 22195
4 33887
5 58252
6 93131
7 136064
8 189044
9 240135
10 293988
11 335964
12 362531
13 371580
14 364168
15 344485
16 312437
17 277256
18 237438
19 197166
20 161433
21 127829
22 97345
23 74473
24 55299
25 41108
26 30170
27 22609
28 16141
29 11391
30 8299
31 5912
32 3866
33 2864
34 2033
35 1746
36 1217
37 990
38 816
39 768
40 635
41 600
42 501
43 431
44 485
45 380
46 401
47 342
48 435
49 380
50 339
51 380
52 359
53 353
54 240
55 264
56 257
57 244
58 262
59 216
60 180
61 191
62 185
63 177
64 170
65 160
66 136
67 137
68 135
69 112
70 112
71 98
72 117
73 95
74 114
75 117
76 127
77 156
78 157
79 121
80 124
81 146
82 133
83 104
84 123
85 85
86 102
87 100
88 94
89 100
90 137
91 137
92 149
93 114
94 130
95 137
96 179
97 155
98 169
99 173
100 196
101 188
102 200
103 155
104 121
105 120
106 118
107 140
108 158
109 165
110 165
111 177
112 125
113 130
114 141
115 154
116 117
117 132
118 132
119 127
120 101
121 92
122 76
123 69
124 77
125 63
126 79
127 61
128 49
129 65
130 78
131 82
132 73
133 46
134 53
135 60
136 64
137 66
138 76
139 79
140 69
141 67
142 61
143 41
144 50
145 51
146 32
147 52
148 43
149 58
150 49
151 41
152 45
153 47
154 28
155 39
156 31
157 33
158 34
159 33
160 30
161 15
162 21
163 20
164 30
165 11
166 23
167 6
168 20
169 16
170 18
171 11
172 13
173 19
174 19
175 14
176 11
177 14
178 10
179 5
180 12
181 11
182 16
183 11
184 10
185 5
186 6
187 3
188 10
189 13
190 7
191 8
192 1
193 9
194 7
195 4
196 2
197 6
198 12
199 9
200 10
201 9
202 5
203 6
204 5
205 5
207 5
208 2
209 6
210 5
211 13
212 8
213 15
214 7
215 13
216 7
217 8
218 4
219 6
220 4
221 8
222 12
223 5
224 4
225 6
226 6
227 5
228 5
229 4
230 7
231 7
232 3
233 4
234 5
235 7
236 4
237 1
238 1
239 5
241 3
242 1
243 1
244 2
245 2
253 1
254 1
256 1
257 1
258 2
261 3
263 1
264 3
265 4
271 1
279 1
290 1
292 1
295 1
296 1
298 2
302 1
303 1
304 1
305 1
307 2
309 1
310 3
312 1
315 1
318 2
319 1
320 1
324 1
334 1
340 1
342 1
343 1
344 1
354 1
358 1
362 1
363 1
366 1
369 1
371 1
374 1
376 2
377 1
380 2
383 1
386 1
387 1
396 2
397 2
404 1
413 1
414 1
425 1
427 1
436 2
439 1
451 1
453 1
459 1
460 1
467 1
472 1
474 1
483 1
484 1
485 1
488 1
491 1
493 1
495 1
498 2
501 1
503 1
505 2
513 1
515 1
516 3
517 3
520 2
524 2
545 1
548 1
552 1
555 1
558 1
572 1
575 1
576 1
577 1
593 1
595 1
596 1
603 1
607 1
608 1
623 1
629 2
637 1
639 1
647 4
649 1
651 1
665 1
667 1
676 1
677 1
682 1
692 1
703 1
706 1
732 1
746 1
751 1
766 1
767 1
788 1
799 1
801 1
817 1
819 1
820 1
822 1
826 1
847 1
849 1
874 1
878 1
881 1
887 1
893 1
904 1
910 1
920 1
936 1
984 1
1017 1
1048 1
1120 1
1129 1
1160 1
1193 1
1211 2
1265 1
1268 1
1285 1
1319 1
1351 1
1396 1
1412 1
1456 1
1564 1
1569 1
1653 1
1700 1
1703 1
1828 1
1829 2
1949 1
1972 1
2099 1
2119 1
2159 1
2372 1
2387 1
2490 1
2587 1
2590 1
3132 1
3181 1
3324 1
3344 1
3766 1
3853 1
3910 1
3918 1
3992 1
4002 1
4062 1
4168 1
4192 1
4222 1
4778 1
4788 1
5424 1
5453 1
5666 1
5774 1
5836 1
5923 1
6072 1
6091 1
6381 1
6737 1
6768 1
6785 1
6878 1
6935 1
8163 1
17860 1
24487 1
26963 1
34267 1
40255 1
43671 1
45445 1
46499 1
47405 1
48117 1
50882 1
51651 1
52143 1
52927 1
52976 1
53167 1
53505 1
53594 1
53948 1
55029 1
55111 1
55854 1
56424 1
56584 1
56731 1
56923 1
57271 1
57498 1
58459 1
58640 1
58716 1
59148 1
59299 1
60535 1
61198 1
61311 1
61534 1
61785 1
61836 1
62012 1
62287 1
63199 1
63682 1
63722 1
63792 1
63812 1
64183 1
64227 1
64373 1
64597 1
64735 1
64759 1
64868 1
64913 1
65005 1
